-36.06051769143647	0
-36.060517691436246	0
-35.569611249461104	0
-35.56961124946059	0
-35.07892854200827	0
-35.07892854200793	0
-34.58848001402487	0
-34.58848001402481	0
-34.098276920066496	0
-34.09827692006587	0
-33.608331427886355	0
-33.60833142788607	0
-33.11865674978412	0
-33.118656749784066	0
-32.66160188474055	0
-32.661601884740094	0
-32.6292671844825	0
-32.6292671844821	0
-32.17157693081862	0
-32.17157693081754	0
-32.14017796709629	0
-32.14017796709601	0
-31.68181619241716	0
-31.68181619241659	0
-31.651404829219302	0
-31.651404829219018	0
-31.19233513609629	0
-31.192335136095664	0
-31.162963162082235	0
-31.162963162082235	0
-30.70315364604079	0
-30.703153646040676	0
-30.674866650774163	0
-30.674866650773993	0
-30.214298503140867	0
-30.214298503140128	0
-30.1871252109882	0
-30.1871252109882	0
-29.725806929977068	0
-29.725806929976784	0
-29.699742041816535	0
-29.699742041815853	0
-29.436272374285352	0
-29.436272374285124	0
-29.237731154947483	0
-29.2377311549472	0
-29.212709706723956	0
-29.2127097067239	0
-28.947198738839916	0
-28.94719873883986	0
-28.750143528609897	0
-28.750143528609442	0
-28.726005607937452	-4.3215099503170044e-10
-28.726005607937054	-4.2351312955656585e-10
-28.45842255784021	0
-28.458422557839754	0
-28.263140551315132	0
-28.263140551315075	0
-28.239588421383985	0
-28.239588421383814	0
-27.96995510761883	0
-27.96995510761826	0
-27.77684213382321	8.467323347277751e-10
-27.77684213382298	-4.0881136974293425e-10
-27.75339911978358	-1.7816225654009072e-9
-27.753399119783467	-1.5268983868646697e-9
-27.48180920686093	0
-27.481809206860873	0
-27.29138121065904	-1.1254885426645106e-9
-27.291381210658642	0
-27.26737143184289	8.791810450987263e-10
-27.26737143184272	7.92975364663633e-10
-26.994000743259846	0
-26.994000743259733	0
-26.80688293847578	-9.671716595303885e-10
-26.806882938475724	5.531036072659965e-9
-26.781452486403452	6.671916979229877e-9
-26.781452486403282	-4.66879400391774e-9
-26.506551875067657	0
-26.506551875067544	-2.098268026921595e-10
-26.384209750790603	0
-26.384209750790262	0
-26.323443181632626	-2.087406374215276e-9
-26.32344318163257	-8.610855483865798e-9
-26.295623927582255	-3.2691600631470994e-9
-26.295623927582028	6.702876213213761e-9
-26.01949520162026	-4.392517918540501e-10
-26.019495201620032	-5.938294315178648e-10
-25.896113278195173	0
-25.896113278194946	0
-25.841120792399238	2.6839134727707316e-8
-25.841120792398954	8.549435377268583e-9
-25.809908979448437	1.3448969355613803e-8
-25.809908979448323	-2.198083408726996e-8
-25.532878332844177	-1.5013273457312176e-9
-25.532878332844064	1.6574842160088682e-9
-25.40831522084636	0
-25.40831522084619	0
-25.359946712917804	-2.503426477399433e-8
-25.359946712917576	4.4601424441396075e-8
-25.32436239854502	-1.7889687009731303e-8
-25.324362398544906	2.5921202281480208e-8
-25.04676837770694	3.911679402783108e-9
-25.04676837770694	4.997367393734302e-9
-24.920801926154468	2.6009585008862277e-10
-24.920801926154354	0
-24.879939190741993	1.10975307620079e-8
-24.879939190741425	-1.2444419989382393e-7
-24.839053919265723	2.970920610423605e-8
-24.839053919265552	7.014493993780764e-8
-24.56125591781955	-1.4609460394698292e-8
-24.561255917819437	9.734329672495617e-9
-24.433553551949842	-1.4643262113502685e-9
-24.4335535519495	-2.063172330275059e-10
-24.401114449279248	-2.4086931511565437e-7
-24.401114449278907	2.3836070323844964e-8
-24.354055501093455	-9.706440160774316e-8
-24.35405550109334	4.91177366369366e-8
-24.07645806300991	3.071107829161929e-8
-24.076458063009795	3.388933098198356e-8
-23.946550509108476	-3.0612880063349487e-9
-23.94655050910825	7.946232436221496e-9
-23.9234887277737	-2.0666324258241698e-7
-23.923488727773076	-4.670595258537999e-7
-23.869434889395848	-2.0277760940525185e-7
-23.86943488939562	-6.092053431691367e-8
-23.592520279632083	-7.85310991119837e-8
-23.592520279631913	8.786176341805749e-8
-23.504932927461994	0
-23.504932927461823	2.559702953144598e-10
-23.459782805006512	-4.2065433987134164e-8
-23.459782805006398	3.6481380481987366e-8
-23.447061263542082	-7.585308862333714e-7
-23.447061263541798	6.566151448163444e-7
-23.385253434914773	2.2830885742689327e-7
-23.385253434914375	-2.2964247060420834e-7
-23.109616904829238	1.6836279360176924e-7
-23.10961690482918	2.3365457398762474e-7
-23.01783086970272	-1.6684741981215467e-9
-23.017830869702436	2.0882879747319726e-9
-22.97384497482585	6.839723135258048e-7
-22.97384497482551	-7.895046064882487e-7
-22.971202130519032	1.067462982870656e-6
-22.971202130518805	1.2719128480940872e-6
-22.90156571232734	-5.256738577531843e-7
-22.901565712327113	1.3977611937768696e-7
-22.627950562192098	-4.956688118263191e-7
-22.627950562191472	4.938760583811269e-7
-22.531159792000153	1.5380997800415946e-8
-22.53115979199987	-1.550930779569109e-8
-22.498371198863538	-2.4542211637284576e-6
-22.498371198863254	-2.8293798617653414e-6
-22.486196984024502	-4.208824852689723e-7
-22.486196984024218	4.281496426766502e-7
-22.418419374441612	-5.011092457173559e-7
-22.418419374441328	6.502982027785708e-7
-22.14775085650939	1.3085253930397698e-6
-22.147750856509333	-9.668226158816774e-7
-22.045081947310905	1.143816755860975e-7
-22.045081947310507	-1.2617379774951942e-7
-22.02576261196208	-5.610116536877523e-6
-22.02576261196191	4.27906728616667e-6
-21.999501307133073	-5.345392269954699e-7
-21.99950130713296	-5.774008522871453e-7
-21.935854319229293	-4.4983086572662e-7
-21.93585431922895	1.1359447039194588e-6
-21.669272448905872	2.574117798191107e-6
-21.669272448905645	-2.7294662525710305e-6
-21.559975230470513	-1.6099554969412317e-6
-21.559975230470286	-1.7027854294390237e-6
-21.554344817514618	-7.91664044585189e-6
-21.55434481751439	-0.000010293637083855139
-21.51246161627165	2.432223094563817e-7
-21.512461616271594	-1.3004096705126656e-6
-21.453900267601398	1.4183139922416293e-6
-21.453900267601227	7.732902485404397e-7
-21.192791758259546	6.1670069098876185e-6
-21.19279175825926	5.635187588736575e-6
-21.08492937278828	0.000016988817286955978
-21.08492937278828	0.000016254426659038693
-21.075267044852126	-2.3257783979963506e-6
-21.07526704485207	4.025735871629954e-6
-21.02494951306386	1.2570911186777648e-6
-21.024949513063802	-2.002290744884718e-6
-20.972570932016026	-1.173417794120781e-6
-20.972570932015685	1.526047351782601e-6
-20.7976083067565	-3.1101642154716743e-9
-20.797608306756445	3.263450314045312e-9
-20.71860028810454	-0.000012467015038109891
-20.7186002881042	0.000013419312866550165
-20.616278599324176	-0.00002447203738629136
-20.616278599324005	-0.000034855111447959806
-20.592453594517906	-5.466759781812475e-6
-20.59245359451785	1.4185433068335463e-6
-20.53690755465732	2.8678921027421106e-6
-20.53690755465709	3.145747455027886e-6
-20.49184964483669	1.037611457697335e-6
-20.49184964483635	-7.100279893588545e-7
-20.311072713291992	2.9620872338129633e-8
-20.311072713291537	-2.9531210563229286e-8
-20.24699145843897	0.000026546660306332147
-20.246991458438742	0.00002852086234294234
-20.14901023671456	0.00006385716738704553
-20.149010236714446	0.0000386304716289073
-20.11112879003008	-7.222414763495267e-6
-20.11112879002974	6.490608251989529e-6
-20.04846969555132	5.4023540306647214e-6
-20.048469695551262	-5.33051263982742e-6
-20.01164974994532	2.76966445523647e-7
-20.011649749945207	-1.5488058220448106e-6
-19.82464589594349	2.246176557121562e-7
-19.824645895943263	2.2316709797024766e-7
-19.77823754231082	0.000053947518089642914
-19.778237542310706	-0.00006044134691525958
-19.68306519565641	0.00008441073877984143
-19.683065195656297	0.00009620478457411516
-19.63151440582419	-0.00001192636856613795
-19.631514405823907	-0.000013440792106130192
-19.56010758191354	-7.793729738902214e-6
-19.56010758191337	9.647113248083631e-6
-19.531690640323404	-8.199151896079211e-6
-19.53169064032329	-7.890933945407033e-6
-19.338317306761382	1.9158789598340252e-6
-19.33831730676127	1.827354174831825e-6
-19.312552108965235	0.00010832303471938436
-19.31255210896512	0.00012230793773405072
-19.21846818879459	-0.00014604105440521153
-19.21846818879436	-0.00015650176822031188
-19.153734043779025	-0.000024363358915791802
-19.15373404377874	0.00002340789036746264
-19.073010710941617	-1.0585929056688768e-7
-19.073010710941276	0.000014574710993362248
-19.051115270078128	-0.000026409219600569307
-19.051115270077958	0.000026829943648967276
-18.852488765520604	-0.00008040475118317195
-18.852488765520434	-0.00007885575253534769
-18.849732439209106	-0.0002199240197001587
-18.84973243920888	0.00020454922979349285
-18.755296132768876	0.00027283822167861174
-18.75529613276865	-0.00021934540365343486
-18.67787596359875	-0.000044641358992620714
-18.677875963598467	-0.00004508633128939779
-18.589464187457907	5.469641640915482e-6
-18.58946418745768	5.363547710622027e-6
-18.568132437781117	-0.00007013700547494604
-18.568132437780946	-0.00006951809324059669
-18.390886337448876	0.0005682206420282325
-18.390886337448535	-0.0002196657338678854
-18.36634754344601	-0.00003494631911250707
-18.366347543445613	0.000034899043025789514
-18.29366324872001	0.0005572798962459413
-18.29366324871961	0.000035350461186296284
-18.26089134037079	1.1790073658731296e-6
-18.260891340370563	-1.2235534542485088e-6
-18.2039970757113	-0.00010254151687716855
-18.203997075711243	-0.000059715947356238426
-18.110541981210247	-0.00006486209077119205
-18.110541981210076	0.00006288165200479164
-18.082424695862585	-0.0001819946239616988
-18.082424695862358	-0.00013355477950028225
-17.934508153825675	0.0011282764636736222
-17.93450815382272	-0.00002948493094178139
-17.881838538670763	-0.00008523260508623936
-17.88183853867065	-0.00005408326728385484
-17.833631816591833	-0.0008675115103869966
-17.833631816588706	-0.000034295655838979176
-17.773852333984678	-5.888535674367929e-6
-17.77385233398445	5.638266849392039e-6
-17.73209393766797	-0.0002192513910833042
-17.73209393766774	-0.00003194572169467848
-17.635048392468605	-0.00027101737169098964
-17.635048392468093	-0.00013824240355931523
-17.596506745404724	-0.0005284413970155688
-17.596506745403417	0.00001752352366410531
-17.480291473890645	0.0020214426505780984
-17.480291473860007	-3.0218746215812844e-6
-17.400084224568445	-0.0003508363588803682
-17.400084224566854	0.000021736055252098818
-17.374668488708608	0.0012835752768371308
-17.37466848868621	0.000019568012444564767
-17.285959606694632	0.000042161938334367175
-17.285959606694576	0.00002124348843755186
-17.26194961966786	-0.0004134234958942386
-17.2619496196657	-0.000021100349853582412
-17.162572439983762	0.0008533031860374677
-17.162572439974213	0.000013588690208123608
-17.11348062415709	-0.0013350347106512437
-17.113480624126566	-7.867938354521263e-6
-17.026222569468587	0.0034441960653816385
-17.026222569180504	-1.4664560770167224e-6
-16.92819256301044	-0.0014820182062814575
-16.92819256291415	2.274058319076467e-6
-16.910820691834545	-0.0012948585556613419
-16.910820691758886	-3.4417062146529433e-6
-16.799958949519407	-0.0005032151637465727
-16.799958949509403	-3.19355833588454e-6
-16.790315489796967	0.0006189136848037077
-16.790315489781847	1.9222828404006023e-6
-16.694279972723848	-0.002305387447924002
-16.694279972467598	-1.771865189171606e-6
-16.637710203299264	0.0033845126824941256
-16.637710202604865	6.354108346620425e-7
-16.56775253918488	0.005314189455201372
-16.5677525369382	5.810254560141252e-7
-16.471914503062408	0.002559976040481713
-16.471914502113975	1.5890705351696315e-7
-16.437249119499825	0.0010795910411826343
-16.437249119328783	1.4201638489955006e-9
-16.330353166031273	-0.0015004758592321408
-16.330353165751774	2.9721177079748423e-7
-16.30255813280604	-0.0005320291798463835
-16.30255813276989	2.0277310486822528e-8
-16.23342952611972	-0.005977422702032714
-16.233429520282698	-3.4987434812720046e-7
-16.17191450023546	0.006927316660372567
-16.171914490482436	-2.6642069877041566e-7
-16.100530850760208	-0.007352061941949954
-16.100530836294922	-1.5352689575976022e-7
-16.020651575931367	0.0033008670961905497
-16.02065157067375	3.337808427098185e-8
-15.964764465379574	0.0013191105876471793
-15.964764464589564	2.6361385739944097e-7
-15.893293868306387	-0.0001444281462485117
-15.893293868298429	8.349875890511414e-8
-15.865973310951517	-0.003277062018043133
-15.865973306760054	-2.8007781477645315e-7
-15.809941230317577	0.0015506760674459464
-15.809941229230219	-8.32938472879515e-8
-15.78432457713427	-0.013477127651718195
-15.784324483287264	-7.265609387497413e-8
-15.709961442159795	-0.010917565597736068
-15.709961363456273	-3.9699858244271946e-7
-15.629553698907955	-0.010496029823766032
-15.629553598666462	-2.0991366744035085e-7
-15.570704895018594	-0.0027891334889234756
-15.570704880506241	-7.642377326475091e-8
-15.49551079005846	0.0017595889037760775
-15.49551078587848	2.5857932357059705e-8
-15.409165207936837	0.00485954868872812
-15.409165179085619	4.212833046187006e-8
-15.401486666207916	0.006820778617443362
-15.40148660820796	-6.596950056883866e-8
-15.347665693409681	0.025830861794105348
-15.347664666906212	-2.2453614575225702e-7
-15.31537052033292	0.0007218030938304035
-15.315370519154612	-1.1336994309623902e-7
-15.246714350481	-0.016072776354008722
-15.24671380389077	-1.4569877575568877e-7
-15.16604782140979	0.015230127003207096
-15.166047118824508	-1.4963384915438307e-7
-15.117782489229853	-7.157852833949438e-8
-15.117782480745007	-0.00242365647315735
-15.02857883588473	-0.0015881527084665387
-15.028578826816613	-3.1773845299811227e-9
-14.951031141905332	0.02708882467028717
-14.95102831027782	1.1681998532361615e-8
-14.921934920189983	0.029133540557511592
-14.921931240294555	4.9642574288836944e-8
-14.912390558948573	0.027836033454600992
-14.912387047991217	5.737409915619617e-8
-14.820905834693065	0.0026201552235795263
-14.820905802668165	-1.3916567332280592e-8
-14.783527065062685	0.02564219068711974
-14.783522689020629	-3.416040396614194e-8
-14.715988168047375	0.01789984932147687
-14.715985083372061	-5.3583298423469655e-8
-14.660894218657802	-0.016045797733905146
-14.660892624880375	-2.759016463146932e-8
-14.562009005618734	0.006320639490580425
-14.56200866331335	9.06767836460857e-8
-14.518652285939709	-0.0754211157789888
-14.518589762614397	-1.2234773897620667e-7
-14.474982355189411	0.033754858727613496
-14.474967372199558	1.768600702428834e-7
-14.43055453778851	-0.005915314434928083
-14.430553970994197	-5.658942192580888e-8
-14.334131744165177	-0.033215442169815215
-14.334111299223025	-7.665512525991105e-8
-14.321199375111973	0.03133196721319742
-14.321178704834153	-6.938119160515965e-8
-14.269132858079843	0.008852354895730762
-14.269130308894432	2.573326117752864e-7
-14.209713833886383	-0.04747637721365017
-14.209668083037116	2.7344599512643092e-8
-14.113354776981566	0.11683140867495106
-14.112981168611213	-1.0288494049711038e-7
-14.08627606048941	0.06320736104880267
-14.08615883035418	-1.9058887440365642e-7
-14.022052423819275	0.03479513197008298
-14.0220064101905	-1.73438110126979e-7
-13.947765273912864	0.009272481725597142
-13.947760985879256	-6.632661672486079e-8
-13.889647047343828	0.07812866921560885
-13.889341466113251	1.6853835372717986e-7
-13.847738916092396	-0.01812271690273643
-13.847733253507329	-1.4069984156969878e-7
-13.803641181929436	-0.03833331862555335
-13.8035842482941	-3.9971573539433325e-8
-13.77466353291834	0.13502196246696163
-13.773719476529152	-2.634436489299011e-7
-13.705803200987646	0.19212082339405484
-13.70343299554304	-4.276771123849434e-7
-13.689642821172072	-0.006007880893817921
-13.689640005992601	1.538465719026945e-8
-13.61714264156302	0.052394168992259196
-13.616948605215725	2.629521950054264e-7
-13.56965989374919	0.06275812351554762
-13.569310133135332	1.2957919344996599e-8
-13.47716214144441	0.10092599121783946
-13.476247568125984	-2.625547450197908e-7
-13.461205159279586	-0.1081331167065263
-13.460077640143027	-3.9014278242821227e-7
-13.405577634465317	-0.26310630834712656
-13.39948411939315	-3.466160921780196e-7
-13.36120385854474	-0.23622406141887647
-13.354221228469896	-6.670959968916758e-7
-13.324254181244555	0.053462055905123027
-13.323857805810235	1.97714598417908e-7
-13.284324546716618	-0.20161729072035478
-13.278276697188403	-5.803698473590199e-7
-13.196295353914877	0.00940105492901917
-13.196283365052864	1.1803706707757244e-8
-13.152367445674088	-0.11554152149909634
-13.151189159404282	1.918957569463223e-7
-13.126917010658588	-0.27280836916046913
-13.11798077488345	1.4480058663498302e-7
-13.073641665684022	0.38398129719150476
-13.057819150022965	2.54325828706056e-7
-13.045421471728332	-0.28050886759119864
-13.006786300931424	4.042184622459394e-7
-12.992550437498835	0.027498760991352948
-12.99195600383689	-2.2894369000218225e-7
-12.915082976656265	-0.17451157668830675
-12.906873787178142	3.1387649434676596e-7
-12.889097646176708	-0.13384939437272586
-12.8811840188078	1.5635803300590347e-7
-12.82418783209522	0.2439350819311174
-12.807780799860268	-1.3091821667496593e-7
-12.765056632355709	-0.3445670782249887
-12.706303394448128	2.2553988751369203e-7
-12.706053926542666	0.01577077207076997
-12.697542565426545	2.8869272050282824e-7
-12.696721967366955	0.011115406363562518
-12.683611441346102	1.997281582803552e-7
-12.663109207924492	-0.1107208397647745
-12.646235173504465	-3.5688272241590904e-7
-12.631190089019356	-0.06383277137543361
-12.610251470732464	-3.2457482569059854e-7
-12.525205254289801	0.009467371309921068
-12.525197763590995	1.0896000465555808e-7
-12.4880923728781	0.19675750881605047
-12.46690120293897	5.464081819281635e-8
-12.466399945425053	0.01995207087380632
-12.442474811875911	3.310026846018007e-7
-12.403720144903218	0.1604274210006834
-12.34287404077736	6.186921678789313e-8
-12.323853744814642	-0.08232814319811889
-12.299131612687177	-8.967615023247655e-7
-12.281136895810164	0.0005428235505432335
-12.26354865510433	5.305228229807055e-7
-12.249217859363682	-0.019551262739863205
-12.2441014399717	-7.547185145665975e-7
-12.207591530502668	0.020433169699502554
-12.204256671129713	-1.816684790177849e-7
-12.168563871429512	0.042875185692407815
-12.156499546910823	2.1537516194191126e-7
-12.07955550618226	-0.11543158204057576
-12.063024290012038	5.12434693913628e-7
-12.063006794557111	0.005956669587927479
-12.049017394289933	-4.6363309410396935e-7
-12.044246214948828	-0.03272796298413469
-12.018176258590358	1.7907502780239532e-7
-11.97639448582521	-3.6952509164765196e-7
-11.96501062770102	-0.0758909840323676
-11.927609732112728	-0.02313330607790426
-11.878166993006232	1.1357086218712018e-6
-11.840861675511178	-1.1214230406367658e-7
-11.837606510885735	-0.01767151061871352
-11.800975103752876	0.013845401772674178
-11.787136638144545	1.1848332945311521e-7
-11.744349500611463	0.008578499700532089
-11.739353743301479	-6.095202347348325e-7
-11.711918877981986	9.776952161028313e-8
-11.705147143850638	0.00632539547925016
-11.693785001307788	-1.1620604508547945e-6
-11.664136663394515	-0.07383110104388851
-11.643018592834949	0.01054630547126819
-11.642926968313077	-2.1158645719086592e-7
-11.61941532889415	-0.022851911962627425
-11.618775153964577	3.4711459484399605e-7
-11.593855096683512	0.022173806918207868
-11.593123431726838	4.973159739021614e-7
-11.56929010957009	0.0479496509360088
-11.538101045696692	-1.5244146620567207e-6
-11.495260628083088	-0.01864719811343507
-11.447312617479042	-3.081737088494997e-7
-11.42470883777321	-9.710741359049381e-8
-11.412074317080226	0.02564647895983052
-11.359553861149436	-3.974792803876037e-7
-11.34976765127908	-0.02640037255643848
-11.315939065333737	2.25490086611809e-6
-11.311901212798489	0.040733871947533494
-11.300718337878038	-3.213143332755013e-7
-11.255615020294385	0.056728947546353506
-11.248437663467826	-7.316357058374609e-7
-11.239829640110486	0.030161255523846114
-11.198880544701979	-0.051822771980458746
-11.169902109737677	9.837355977987595e-7
-11.164194565623347	0.004927300216977179
-11.136089829272692	-5.292754557288858e-7
-11.135326929972791	0.032530358604451054
-11.117941889925987	-8.118403793637086e-7
-11.116037641846788	0.006339446479179994
-11.097198326595901	1.2796424998012266e-6
-11.04458394620923	0.03459341442926408
-11.026623992538418	-2.0230719508692295e-7
-11.009727064067931	-0.07679813142342781
-10.9899473620776	-1.4942304156689976e-6
-10.971397061514836	-0.05652099310066245
-10.966127199847563	-7.876974666527762e-7
-10.92506336006727	-9.319432371377476e-7
-10.86831103495308	0.045828095976073555
-10.83408658510433	0.04649572989108952
-10.833215115524979	-1.17767211526499e-6
-10.802707565735489	-2.1877799921239674e-6
-10.798161740271723	-0.0230469751641031
-10.787093126558887	0.010713561400233551
-10.731636824644397	-0.0699587791681062
-10.701193345280842	-9.306425736224419e-7
-10.695861985061867	-0.0064788279226769985
-10.68885477134205	-4.364202379800258e-7
-10.662189306399398	-2.4206297796557914e-6
-10.622716608329881	-0.046011290791855085
-10.608027871438196	0.0025207848327000668
-10.60605035295282	5.236566953770039e-7
-10.602280074784233	0.016396859919134296
-10.592611924580979	2.6146161083811796e-8
-10.568026961682563	-8.891828760161326e-8
-10.547601985744961	0.00802214784536434
-10.542663408932412	3.85251414031883e-7
-10.530076945370809	1.2738840570333732e-6
-10.438838415070393	0.03834579850714381
-10.411626714699935	-0.007816892986904146
-10.38247684455797	-7.312179245432349e-7
-10.374873896243002	-0.019500299930573933
-10.355908336474215	0.029178564652100107
-10.354491158902533	-1.154830499684476e-6
-10.326291102196535	-0.015851859459458863
-10.275234935936737	9.467438764000986e-8
-10.239491603244801	-3.092441934963751e-6
-10.231648289614611	-0.007297225424589434
-10.222840502292627	6.211024733100466e-7
-10.214175122009465	-0.013066120169355468
-10.186308753371861	-5.959302821333641e-8
-10.161422832636333	6.293382149108191e-7
-10.152525956560623	0.01484463556868286
-10.125949579366875	0.007136292696378495
-10.111298272601516	-9.096442095378558e-8
-10.10454044827236	-1.5809255073104101e-6
-10.060563912590169	-0.001835239573906626
-10.049682073122199	-9.68513201698086e-7
-10.01049449318026	0.020534199151474364
-9.973853038217442	-0.00713143689968425
-9.966798259354732	1.052101917558655e-8
-9.96364960702033	0.015875134479447002
-9.94199799004042	0.005258436372175122
-9.930503422040545	1.2440811493721744e-6
-9.888751829126647	-1.0717895067224805e-6
-9.869792753119839	0.00787459923184148
-9.844456273846731	-0.010845324734362997
-9.824457606700093	-7.08975854709741e-7
-9.772917546136114	2.639232682035917e-7
-9.7668385535286	0.0012446782394973288
-9.759343205738446	-1.1093658662752594e-6
-9.746973360076595	3.247326193831886e-7
-9.746292005330758	0.00039368283750303146
-9.742431306173955	7.157111626635891e-7
-9.682539528504265	0.007569869542695003
-9.669703519893574	0.004180143670682911
-9.652011828491197	-5.403198871118255e-8
-9.640979022959243	6.883099563167675e-7
-9.623142281407354	3.7339701131823e-7
-9.585072958540138	0.013560749173599116
-9.55876395419665	0.005154525219169807
-9.548466072832184	9.809402981629914e-7
-9.546682162652985	-0.010202116875367088
-9.538457396979425	-0.0013105554671971643
-9.51875256031849	-1.522825604158663e-7
-9.495591040451643	0.002630725004334859
-9.46427087846871	0.011498951790023089
-9.448045626022463	3.4838222961434637e-7
-9.421185451128167	0.0059019408902208515
-9.390669037165935	1.382279031236064e-6
-9.340926597312887	-2.168735604213337e-6
-9.330049095445304	-7.83728511272102e-7
-9.297843543423198	0.0031263498428139606
-9.28301804372802	-2.4237185020933995e-6
-9.266859298917723	8.904297747130936e-8
-9.253457093681448	-0.005009789589896551
-9.23449203351413	5.889960891648339e-8
-9.228886069809562	0.0011929952266504324
-9.203766768106561	-0.0005938291427489729
-9.198492230777276	2.0900882151558463e-6
-9.178441004883553	0.021774289484561966
-9.16412354238554	1.12577606145454e-6
-9.120982280720057	-0.0007332136607119451
-9.113730564978368	-5.13577406823341e-7
-9.111253014138754	0.005698592833786303
-9.09639580924187	-0.008238472532048947
-9.05005119392257	-0.009466047748542653
-9.020382718574695	-2.294873393898726e-7
-9.008704322619622	-1.1070334698398737e-6
-9.005938136967359	-0.007925065639447717
-8.977306173454792	-0.005463081090995667
-8.953600636952274	1.1538142495771435e-6
-8.909975137443894	1.5250896480486055e-6
-8.90415143943983	-1.2689117558423298e-6
-8.876092813925823	0.02444024494446928
-8.830713763566905	-2.3629737380817517e-7
-8.81849308915929	-0.009529850237532517
-8.809908753771253	1.5503504591809923e-6
-8.800515105723605	2.3222924570002008e-7
-8.79904710543667	0.004970637633359188
-8.762979834381497	4.987517355861485e-7
-8.761005757104385	0.011220750196276216
-8.720498954687685	0.0008246092769532455
-8.69501946043664	0.005786305306263265
-8.692986192800788	-1.7056277078349844e-7
-8.67518968966499	-0.007737097015978562
-8.665642147038625	0.007106582961339582
-8.639607127396857	-4.137810068009593e-7
-8.58558838398136	7.57299908458576e-7
-8.580276398197952	-0.006360313564104023
-8.55957618321736	-0.010121253385215509
-8.529098185131545	3.016531722697603e-6
-8.519160641491453	-0.013228782296392077
-8.504826159547463	-5.204590345966748e-7
-8.481664488321883	0.003611916274893197
-8.467515081243619	1.8941291470288717e-6
-8.456261599289746	-6.419434926890566e-7
-8.428087173762492	-4.5809996530194955e-6
-8.381719418968146	-0.0032565447961256247
-8.375292654767975	1.4085511320182096e-7
-8.35786214753034	-0.003160191404327417
-8.338401839627295	-1.2037886805809467e-6
-8.318965500160175	-0.003680723791860951
-8.310386568049125	9.03163494277851e-7
-8.277843244928818	0.006389160359033271
-8.255853018137657	0.0036907174463776454
-8.234064714930014	0.001267655282507633
-8.220394760862007	1.9010330644850904e-6
-8.202274324686925	0.002051547432628262
-8.18211496042693	-1.3967290902967398e-6
-8.141762854812896	-1.8351593486216512e-6
-8.129751607426783	-0.008313006781766176
-8.102355700476778	0.00009611414423919698
-8.09331021468364	2.4493563096347885e-7
-8.088048696159774	0.001305037690754881
-8.064147710855991	1.8973413390287476e-7
-8.03040577866119	3.003991742137892e-6
-8.004338399844016	-2.54282901377447e-6
-7.998749761752379	-0.00012255477910929355
-7.997699370151963	2.1876190511841236e-9
-7.980111909562197	-9.926732186474373e-7
-7.979671959645998	-0.0012268883179732274
-7.9661289490518925	-0.0020837571230299372
-7.939359427587021	2.600304301129112e-6
-7.902850844342765	0.0004587848327844337
-7.878963124611232	-0.0009879574901975343
-7.875879356114581	4.479398049955758e-6
-7.842744148767679	-8.16672061481298e-8
-7.842012119005062	0.004219885970464879
-7.808052158847715	0.0013910824176961972
-7.784552109990784	-4.579536021231368e-6
-7.759210900630819	0.0019601009010529117
-7.754618051435898	-2.867888264679856e-6
-7.744274632838994	0.00344511838442727
-7.72119782609974	2.511465448088718e-6
-7.716585472920485	0.002828868135048507
-7.6794476438624315	2.2921229121568516e-6
-7.641817476780034	0.0008305325057187793
-7.6089116411251325	-1.4523926915577216e-7
-7.605870023978355	0.0016867295819703951
-7.583473302200787	2.4827024822083018e-6
-7.551161064111284	-1.2894930221180425e-6
-7.536450622666848	2.4000625360625535e-6
-7.536439875455301	-0.0015987480337236746
-7.512636966240336	-0.0008200016156635088
-7.508254157019394	-3.0309613564982903e-6
-7.4677091953863055	0.0001895464412161223
-7.4620821167510485	0.0009347955734509493
-7.461052365675982	-9.61606103588234e-8
-7.422671342747492	-2.555875097012481e-6
-7.418466706580432	-0.00028041496029912287
-7.3913219032176585	-0.004415527826647182
-7.376926381441194	-1.634765013860102e-6
-7.3558134858568565	0.001103834960597615
-7.349262829885447	8.441389499473918e-7
-7.31982659964558	0.002389280274452758
-7.29270383998545	-7.193705512938282e-7
-7.269514708388556	-0.00034486492352230015
-7.266774058578903	2.559094016950045e-6
-7.259521393332818	0.00017679841592376823
-7.2471226772865975	3.519321978192763e-9
-7.1825270946726505	-1.1813674500645063e-6
-7.179255143965634	-0.0022347377166504643
-7.141072370826407	0.003099409763599629
-7.130601688507625	4.178789159503547e-6
-7.104973012292305	8.370031101891102e-6
-7.083926397895766	-0.002973689290610175
-7.0779925073160825	6.808791466115136e-7
-7.0661859679865415	-0.0013268817265818169
-7.03558606240091	4.29336222598268e-7
-7.030500996575654	-0.0022463873287162047
-6.998618634267871	-2.5579638558662726e-6
-6.996045000754805	-0.004010778208260122
-6.971516500635971	0.002821375929369321
-6.942792919201622	1.0512099548039733e-6
-6.939546832543272	-0.0016900784445470069
-6.898051498283678	6.62815727024575e-7
-6.895866697696761	-0.0013264520019948736
-6.8789166435843185	-3.1498270748112374e-6
-6.842325420317138	-0.00040497995405524385
-6.830713661148479	7.237297539920186e-6
-6.812526500181434	1.0522378594921338e-6
-6.800389091231807	0.002643809599020318
-6.790797895908497	-0.005849914745074499
-6.763160249991188	8.350607916076458e-7
-6.757516569196014	0.0020614277969546067
-6.754599085989355	2.0265147357955687e-6
-6.701691057616472	-2.4296028789625103e-6
-6.673026075648863	-0.002501766841676193
-6.667059658210633	-2.1416892130872913e-7
-6.63850548783978	0.0020363383000027878
-6.6130223046300785	-0.0013433471084014497
-6.598446862013816	0.0014728448812465177
-6.58990456549725	6.796009596018428e-7
-6.570141739623125	-0.0030639393285045906
-6.552152857993121	-2.4211776881815646e-6
-6.531409477272575	-1.0127675488769066e-6
-6.50970231901897	-0.0010666820391455657
-6.497419455623856	1.9703652349065634e-6
-6.49274747935408	-0.0007486450045020866
-6.447050093780433	-1.8552873303381875e-6
-6.439780666645731	0.0023592708993210075
-6.415317651038663	0.002869607631766815
-6.403324765075979	-2.516169725352109e-6
-6.390781994720555	1.288888456719579e-6
-6.386262398423696	-0.00042443528339456554
-6.365038619254676	2.673298961231302e-6
-6.356217769170371	0.0007054437981251754
-6.336945280160705	-3.6652841857173636e-6
-6.316334714782897	-3.833401499460864e-6
-6.2849821262940395	-0.0006248909748780918
-6.276192259821698	-2.141267091021742e-7
-6.25623355199366	0.0014735223693558188
-6.222115775273437	1.3460416521323004e-6
-6.203107234958225	-0.00027579665437216477
-6.202976130408047	2.0169546898279093e-6
-6.161770995454162	-0.00009087131602996713
-6.159464499094213	0.0012354806909687759
-6.139956335046236	-0.00038995431936382946
-6.129368277195454	0.0017390868370851034
-6.117032023924537	2.6569363194170422e-6
-6.089593940795055	7.480700769776039e-7
-6.069390735824811	-0.0002181503699923218
-6.061827312480318	-3.0762509595452103e-6
-6.037151733644066	2.076562268138112e-6
-6.014669296050499	0.001205513807025476
-6.000089180765258	-0.0007544861646386694
-5.992007437606048	-9.96088843845443e-7
-5.97345299387473	2.207260532776019e-6
-5.946401130060849	-0.0007177622847492418
-5.9263331162708255	-0.0005512336956346806
-5.922698465735664	1.535368983673996e-6
-5.885743628175419	6.690878167292929e-6
-5.8614335099908885	-3.6675854282811043e-6
-5.851218886910033	3.84796348741834e-6
-5.844218876184527	0.00023467025006538612
-5.784741828912672	0.0004681786333534852
-5.7724614522715	-4.228421289307819e-6
-5.7570652176003705	0.0005424552136361147
-5.752681092743273	-1.85114759869988e-6
-5.750498259018286	-0.0007074092202031324
-5.7205027756459685	9.01644421214501e-8
-5.717646866998166	-0.001103282620341964
-5.680962576561569	3.6606371351193112e-6
-5.675575387738661	0.00008884275821302644
-5.6531664067002225	0.00038738251021565306
-5.6419412981856	-0.00040135873281345585
-5.641198965365959	1.7995795232665065e-6
-5.608727157063811	-4.26359224475527e-6
-5.605249276372376	0.0006444802591013422
-5.5678858111110685	-0.00035304500173679394
-5.558091328899366	-5.339036985312305e-6
-5.520516211937434	-6.830955536506144e-7
-5.514220939590018	-0.000054318404070856016
-5.505078478807491	-6.6598186045391054e-6
-5.472102173818882	0.00047554736209647346
-5.45309562122651	1.3578939557365751e-6
-5.446190707432152	2.34143927774121e-7
-5.443670830161068	-0.000014595098148068725
-5.399725613066778	-3.944320509876343e-6
-5.367643145257148	-1.2645942762203452e-6
-5.35538158291979	0.0005543207083456006
-5.338402451176307	6.519023476814276e-6
-5.337959236819188	0.00022942343092628107
-5.325380572953691	0.0010412208879104637
-5.277057095695227	-0.0006936603085322358
-5.2732241354920575	-4.943421753613229e-6
-5.258720166100716	4.9888864585492505e-6
-5.241520959568902	0.00019747278997749723
-5.224548535447298	6.926506352746982e-7
-5.213902552561365	0.00027134033350028394
-5.192495864844432	-0.0005614045366907042
-5.145482680093096	1.991254821263376e-6
-5.127651665707845	-1.5937863676968342e-6
-5.12719932217135	-0.00016193875935117952
-5.112950695084237	0.0006296202070939783
-5.0975035970221825	2.6308424875887683e-7
-5.057896734067697	-0.000044323849183187936
-5.0421837649651025	-1.964983073938711e-6
-5.035528849325431	0.0006154226517367661
-5.014801901495048	1.1515727695664202e-6
-4.995917508125274	-3.557701996406132e-7
-4.9940889170089235	-0.0002083182831844296
-4.963972860720787	-4.242537349206234e-6
-4.954148361657985	-0.0016934529865043173
-4.94418605886267	1.038716652095264e-6
-4.940076474765192	-0.00017114507678350419
-4.910801007048917	0.00029913431096305386
-4.88983863774871	5.873972863341361e-7
-4.878128919848734	-0.00013435846560283342
-4.854958421224353	-2.7268548774918415e-7
-4.84046228566433	2.8086725319827423e-6
-4.835440529793232	0.00035952776848755354
-4.811806275986726	-5.882496263864189e-7
-4.798152417721724	0.00041124191296892324
-4.759845686115909	9.205591329006308e-7
-4.759549432506958	-0.001392970232470943
-4.7485536278908285	0.0003323951527773655
-4.724130231099082	1.5148887074550713e-6
-4.721053776822771	0.0006917148562919978
-4.693710465319612	6.806936239020197e-7
-4.664929302226369	2.3477521602939703e-6
-4.6508449442218875	0.0009238405205724085
-4.61608648629317	2.1250483833213485e-6
-4.604924424247599	-0.00016655088648078256
-4.583640197295836	-0.0009307939023648437
-4.574131794448135	1.7041698152595184e-6
-4.55678464505479	1.9311742951379265e-6
-4.555622955764193	-0.00031418277999305244
-4.530995067451784	-0.0006432013068733862
-4.519273203010812	-1.087526730171918e-6
-4.483782535456157	0.00016790346880574125
-4.471046302417108	-0.00014701400811830204
-4.45408662197292	-3.2855369646992418e-6
-4.447869818430263	-0.00006956244865698267
-4.426525704449318	5.483984874097031e-7
-4.396033336990456	-2.315418831808732e-6
-4.394539653643562	-0.0009210096011941062
-4.378977393040657	-0.00016853710640179174
-4.349988676831401	3.1546230808237104e-7
-4.343059326091236	1.5286970780787902e-7
-4.3128973408741444	-3.501172395147214e-6
-4.293200418766105	-0.0004611680928053312
-4.287353095738013	0.0004181599956706635
-4.267807950581243	2.4780929664164536e-6
-4.262548003729478	0.00004976443188027535
-4.238655594463523	-2.3278968072430173e-6
-4.220320251365365	1.0680512101202815e-6
-4.207898495610607	0.00020028603550695245
-4.178063875041801	-0.000021327422829894166
-4.173227430384998	1.132409595273644e-6
-4.153624909537882	3.02136642216232e-7
-4.13806241942757	-6.267865344779309e-8
-4.113904647560162	0.00040428770488996034
-4.088913565943756	0.00030499916781655603
-4.057290340720044	0.00011537857061052733
-4.0551379088771	-0.00023211342355250464
-4.052912461251253	2.8106175440002244e-6
-4.027778056770728	-9.91880362380125e-7
-4.016507164229779	0.00008998862474700071
-3.9885004298549234	-0.00015055849064991335
-3.9504550102788016	0.0003903759172363512
-3.933845767221669	-1.255027953165652e-6
-3.9284893175591264	1.1662374904418797e-6
-3.9207047267792063	-0.00002578174042772944
-3.90213845024698	2.5360216240932376e-6
-3.8663659034776856	-5.810324858419457e-7
-3.8633446566634007	0.00009564977665243741
-3.853005563022407	0.0002935851854809922
-3.850435301232153	1.0961061062841212e-6
-3.8399922380933162	-2.9235604852473073e-7
-3.808204594751146	-1.1735138116333806e-6
-3.790100331319138	0.0000362321514804885
-3.774269721511189	-1.242094787676603e-6
-3.7650800124255284	-0.00007935095979781821
-3.742493274994274	8.736951785348889e-8
-3.699999804252627	-0.0000967027956962855
-3.698846776764242	2.894502240044642e-7
-3.6833864588441543	-0.00004938508836481274
-3.6829450023722643	-4.068956240269333e-7
-3.6384947238888117	0.0003128961931234866
-3.6276911263021816	1.8453356098713172e-6
-3.6260119665874413	0.00013930795957876278
-3.586906661423029	0.00008310352029117959
-3.579540841730136	4.497491839783198e-7
-3.5653111509896576	-0.000021119033345695995
-3.5534857586318935	1.930238406626557e-6
-3.507029344345767	0.00010907259447352075
-3.4971497498468693	-2.2292589403343422e-8
-3.4813518347671106	-0.00004655312688327663
-3.459758258929128	-0.000044615857478992995
-3.4431409598607843	-6.630225602343164e-7
-3.4392835200734453	0.00028537375823715883
-3.432485019883643	2.3449646895978584e-6
-3.423353502293253	-0.000059581606999894315
-3.417436024085305	-8.138290732460081e-7
-3.3843355564278	1.1775109007050557e-6
-3.3665619337622843	1.9308197243326936e-6
-3.3555282405002913	0.00001814288026281627
-3.341284693927321	0.00008105017165577558
-3.333308278682807	-2.5408209633322447e-6
-3.288324813366046	1.999724772390267e-6
-3.28585333288828	-0.00016398671292643108
-3.2677487096484583	-2.644847548782224e-6
-3.263171524071595	0.0001306882181269422
-3.246751673362496	-1.4113291286793676e-6
-3.2152622399340203	3.3913866276736886e-6
-3.2048481774499464	-0.00014205987515597974
-3.189248570303846	0.000089656094526506
-3.166604065585659	1.8717611558602647e-6
-3.1538722568403728	-0.00020541233051629
-3.147650852515028	0.000012619812776030353
-3.145327808231116	-3.5722564174010594e-7
-3.103323531723504	-0.0001266813816784033
-3.0899859863239385	-1.9385455810291356e-6
-3.06622462641576	-0.000018668293179468988
-3.052295729713478	-3.191527379982955e-7
-3.0177421464220515	-0.00021379993085187364
-3.012569813247751	5.6352156827037554e-8
-2.9882050305576513	0.000013942416046954127
-2.968592733952846	3.2550926332137744e-6
-2.9578848602989183	0.00011784419813337102
-2.949561294644184	-1.5558518710332336e-6
-2.927652679509208	9.578417722558657e-7
-2.907918050922376	-0.0000784002732497496
-2.899958956477235	-6.499734921196187e-6
-2.8893558694772423	-0.00010069982245826782
-2.874134978076313	0.0004285187594472036
-2.8420122206678116	0.000039763199902023705
-2.8385185680598966	-1.1036018520286999e-6
-2.798704416690839	-1.590511412205086e-6
-2.785784994621281	-0.00007837004845938442
-2.7765209846616585	-1.2742619628437669e-6
-2.7585301220015594	-1.0890801979061206e-6
-2.750849372872892	0.0002822426010462074
-2.738011857581057	-0.00002907765756588257
-2.725686312329799	1.2748183175597625e-6
-2.7119586367414854	-3.1816416943696236e-6
-2.7062440707668998	-0.00007851222177778037
-2.6912088148200155	0.00009820344354305628
-2.6533582907699156	2.0438761669733105e-6
-2.6035823138902856	1.4592991898305718e-7
-2.5985796624554496	0.00022518158458918747
-2.5943970968656913	-1.1134712319130278e-6
-2.5815563517303985	-0.00015539948446968114
-2.555056623694213	-0.000038927879032738325
-2.541801880079163	2.0094068374615253e-7
-2.5337233590888673	-0.0002599264941726617
-2.5224972293203223	-1.405412543865868e-6
-2.4983297834097584	-9.7413341181821e-7
-2.4900414372188493	-0.00032726625717570645
-2.4872237270721484	0.000038215634999442215
-2.472730068846033	2.597368878754075e-6
-2.452598118632636	-0.00006137485676179378
-2.4126174608988435	-1.4315525010591385e-6
-2.3954934573829405	0.00003578290142518606
-2.3903061172945286	6.973096110726495e-7
-2.360628303628232	-0.00011634649492510765
-2.3368227236397274	-0.00003480519922858735
-2.3327049920567333	7.577122379938024e-8
-2.3237643516741855	3.566394647208514e-7
-2.3226995256706005	-0.00004089832273856259
-2.277801143480019	7.589926851520749e-7
-2.2506515317458593	0.00001758112248620089
-2.2395673076197227	0.00012175210502779
-2.235421690268822	-2.9941508082405857e-8
-2.214792204082187	-2.788291518862299e-6
-2.207288138645538	0.00008709190682729953
-2.2017023528721893	-3.634721612863142e-7
-2.190415574179042	-0.000039245589873992785
-2.162232498409935	6.822536382329425e-7
-2.1400336898465753	1.6505929221605863e-6
-2.1284210294865034	-0.00025691557815645145
-2.098015618319323	0.00009773793530186599
-2.0885689952182247	-9.610383502602127e-7
-2.059007324029153	-1.1247725253117632e-7
-2.0501338026629696	0.00003433623866544097
-2.026552929359582	0.00010066173006810335
-2.018464846811696	7.943965933199665e-7
-2.0080208761501694	1.0988934193965606e-6
-2.002989422510325	0.00007628178696250827
-1.9887129955557725	0.000028910284364365435
-1.97872657038738	0.00009968323200448435
-1.9713385790614666	-1.2872308494078442e-6
-1.9286114010741926	3.146944215797762e-8
-1.9185115544924543	0.000026740061606590412
-1.9175606629524964	1.9032458686373912e-7
-1.883933454811313	-0.0000669459570302941
-1.8779637729018646	-2.775594172895637e-7
-1.8397482354789076	-0.000012938013403481765
-1.8205447535780763	-1.3841443826877605e-6
-1.8071712982383588	0.000015110080492182834
-1.7903554933631654	-8.383272040617352e-8
-1.7851896824638516	-1.4978321992294965e-6
-1.7782455076105634	-0.000060262522724315384
-1.7651403290734606	-7.737544589510271e-6
-1.7532353355827581	5.481917267276047e-7
-1.7380462211887675	-3.3569961566096326e-7
-1.7336399739807575	-0.00006345584417689941
-1.7058004034169585	0.00007372078065093386
-1.676534648749623	9.50617849981389e-7
-1.6628564309171452	0.0001358187537412749
-1.6419964002460006	0.00007193620237795975
-1.6374454895486679	1.8514578421226327e-6
-1.6186631070929138	2.767000997286861e-6
-1.6005326046968094	1.53558026270486e-6
-1.5845222663291452	-0.00005671360673329827
-1.548472693824067	1.177951529706219e-6
-1.5365303274107305	0.00005302143272021588
-1.5364093165288182	3.911824836159173e-7
-1.5304647613182851	-0.00004416569483641983
-1.4883770741248554	-2.5472841330706833e-6
-1.4873766804431625	1.2836779702924004e-6
-1.4634318062995249	-4.086180689115334e-6
-1.445315190588758	5.148285274715267e-7
-1.4149041228461101	-0.00004406319073298713
-1.4118938641682917	7.150598428323005e-7
-1.3964387909451261	7.3695974339075924e-6
-1.3894560590742913	-2.985067967394541e-7
-1.351867109307193	1.5461287216922188e-6
-1.346500723192662	2.9301841806585183e-7
-1.3357985626356026	-0.0000492315498546083
-1.3315385652625196	-1.9065759030832744e-7
-1.308317396462428	1.1336168389262726e-6
-1.2884558628691138	-0.00005966752877485849
-1.2761225292388758	-0.000015074705539084524
-1.268775573043854	1.2502184257584165e-6
-1.2360138396608704	0.0000346249621998411
-1.2226630381785526	-4.895769502411476e-6
-1.1932813241407985	-3.5223402544418232e-6
-1.1860461117871637	0.000033727197222990866
-1.1748931504409938	0.00004632125387906078
-1.143819982279183	1.478726756149042e-6
-1.1421100835488573	0.000040666971389808834
-1.1174302981061146	4.581617117352346e-7
-1.111617529068269	-0.00008520851952484917
-1.0965964178118384	-9.388777349464436e-7
-1.0939093417292725	-0.00003104553367759555
-1.0632207704805978	-7.807094220882334e-7
-1.0503397658051767	-0.00002013950686153773
-1.050316868851212	4.2614187813062065e-7
-1.015318663791902	1.0309241271951036e-7
-0.996844331237412	-0.00004134501079358817
-0.9900880631312816	-0.000015071965892978628
-0.9838688964546805	3.444355877213725e-7
-0.967894637710117	1.2018215946219914e-6
-0.94974054381521	2.7659620233100114e-6
-0.9358961491581681	-0.00002250930738256253
-0.9033819633804683	-0.000044906782996061156
-0.888838404142291	-8.661001824707137e-6
-0.8829928384274126	1.391171754754327e-6
-0.8403148699413805	-8.954287908924602e-6
-0.8330224024597328	2.9214916571733025e-8
-0.8223025304651514	0.000036678953641155684
-0.8090558531671377	5.229683749884859e-8
-0.7791054938154502	-2.2307883803010237e-6
-0.7789845799277373	3.0656139607737262e-6
-0.7769986801268374	7.921370776082723e-6
-0.7564945423920904	0.000027089948206545018
-0.746639020421128	-1.900220472499318e-8
-0.7294160111037513	2.0141133199516183e-6
-0.708241328383906	-0.00004552435012538346
-0.6830485030376394	-3.3740742395207616e-6
-0.670051187630861	0.00005826847388193108
-0.6623743061140317	2.104047480689307e-8
-0.642966942729231	0.000047232495917629794
-0.6334588434331181	2.108121122815699e-6
-0.6163733851338975	0.000019233497081454567
-0.5881091830247556	0.000012419321432051607
-0.579245030065465	2.837739959769693e-6
-0.554655627760269	-6.542867334896162e-7
-0.544715932375766	0.00003385699099801853
-0.5360166658986145	5.509794018452067e-7
-0.5176705682769693	0.000011294220282429468
-0.517018995021715	-2.7661604801791354e-7
-0.49726036590107014	2.4528129672280646e-6
-0.47045146357743306	0.00008939351617948035
-0.4462426748920052	-3.874294231499801e-7
-0.4453729585819701	3.362117928411637e-6
-0.42907276284671525	-1.8391035337587017e-6
-0.4239541460837586	0.000038181075165514416
-0.3946173198270344	-0.00007741671920498319
-0.38882176856043316	-6.684906232399174e-7
-0.36907962943547545	0.000038977372151732977
-0.3634835690757541	-2.632935290700569e-6
-0.3340873673716942	3.1275026083389668e-6
-0.30959004311665694	4.641253544899967e-6
-0.2831216986720051	0.00002422941388788291
-0.27418893633483776	-1.8422402999776436e-6
-0.2736710595573868	0.00003476243723961369
-0.25665121242059286	-0.00005263571876056028
-0.21458819983450894	-2.3439537108660513e-6
-0.2119897224542342	-1.340497509569161e-6
-0.20762420137350546	0.000028246552653613574
-0.1978438508899103	-8.495273445669574e-7
-0.19105111848881506	-9.897331374622217e-6
-0.14767080360974205	-3.574663623729373e-7
-0.1467396423890932	0.0000949646176537657
-0.12893125256863414	0.000014850977588281439
-0.12752275234805666	6.340558980959624e-7
-0.11415448818462437	4.183415501811232e-6
-0.06490811770913751	-2.7713505202285595e-6
-0.04261367633853297	4.124613334666907e-8
-0.039922982833331844	0.000011214994198226191
-0.02357335717863407	0.00011189732622887
-0.012429642253323436	-4.3035573327506546e-7
0.00152020602746461	0.00006914169996071438
0.026403532057145185	-0.00003910896650850381
0.03011791724856039	-2.0885420060578474e-6
0.037826667350941534	0.00005713814859491413
0.056758079399457984	2.256889646633231e-6
0.0574528211195684	8.694640413507538e-7
0.09892540835949148	-4.042568471726752e-6
0.10648924664991455	8.310017092890311e-7
0.11049601730087488	-0.00003649431155924171
0.14664108101919737	-2.737375919386817e-6
0.1566307216610312	5.998552140930951e-6
0.1698680910859025	-1.2142422313618052e-6
0.18849037512813993	0.000020679504527362606
0.2105442759305447	-0.000014061608045364167
0.22749650810811772	-0.000017707259282869533
0.22873725793516542	4.054209575270262e-6
0.22923866423576555	-0.0000689545700534931
0.25682908303082286	3.6107200766044e-6
0.26904313852560335	-1.3760500810076757e-6
0.2872407496008691	0.000027310277364234886
0.29365410160460215	9.622380903963053e-7
0.3239239853768936	0.000019020509713611397
0.34399998158636436	3.5014195039795743e-6
0.3631464578380701	-0.00009200969419744832
0.36370234323544537	-1.7263538859844662e-6
0.3953068513870903	0.00005749848153644181
0.40915635721057697	0.00007438328988404984
0.4099392205866934	1.5847095489479033e-6
0.4197961990977319	-2.1193776965168463e-6
0.45295431772001393	0.00005821587753052342
0.4576594281649591	4.514640143722597e-6
0.46751819094828306	-2.8936530584683424e-6
0.4900999348972732	6.117903058432139e-8
0.4918637211056307	0.0000543438219401185
0.5012007531048539	1.3609381438156435e-6
0.5060126559315563	-0.000050507311095862595
0.5367940962344733	-2.0508540548181547e-6
0.5543760987924884	-1.3373357713921214e-6
0.5887957363040641	-5.5342297363217274e-6
0.5960638006474142	0.000037203562273052936
0.6133855361181304	-1.1336600965372795e-6
0.6285897582954476	0.000042291990074508345
0.6362455634813955	-1.9982297497765255e-6
0.6510038229803286	-0.00003138938085962611
0.6781948936656477	1.229087620952321e-6
0.6796347993553127	3.0384520346357347e-6
0.7003730025595587	-8.935621313850925e-7
0.708183726018774	4.736303317676588e-7
0.7110749140595658	0.000023278643776652487
0.7480550564739588	-4.860467698713007e-7
0.7649370112380893	-5.037002594706318e-7
0.7673239143139767	-0.000019303245146068404
0.7877818227607918	3.1612604378438228e-6
0.8060779613547879	-0.00002328261955958366
0.8267021225936446	7.798148508601568e-7
0.8270634934624468	-0.000010789108709597511
0.8589512480347707	6.935463903872371e-7
0.87173127045196	-1.4664767802883075e-6
0.8982363382498875	1.9013528344435843e-7
0.9223547511357992	0.00010218792450896776
0.9271806394999089	-4.70955210135002e-7
0.9328493353223735	-9.930267057893825e-7
0.93749559420678	-0.000040193076550763124
0.950849721034217	-1.0502719980897332e-6
0.9557459375248527	0.000046129319535067465
0.9981665750294724	0.00002603050693605717
1.00948641732424	-1.96281636776652e-6
1.0252123210532886	-0.000029830609159700117
1.03706001201067	1.3997317576353275e-6
1.0401687943553952	0.000013208957801023186
1.0710345046996963	-2.1800801284621658e-6
1.0820875353495012	-5.028678940043009e-7
1.1031380776735205	-3.411430747404798e-6
1.1131800950574302	-0.000020425783500621283
1.1293231824486156	6.954772090706514e-7
1.1389936911544964	0.00004311708939911275
1.1393602882632194	1.345045816569649e-6
1.1777753432340887	-8.404456005098784e-7
1.1834050873897013	0.000019731912601399226
1.203264032086281	1.5156448827980032e-6
1.2117990110825758	-1.2438066130035508e-6
1.2321679732752955	1.4505871447077978e-6
1.251249585120263	6.079769630241896e-6
1.2680677608370274	-3.386463774586128e-6
1.2806837781897684	0.00004545529492667056
1.2949564194641994	0.00006645865562025614
1.2995817667480765	1.3240442441382196e-6
1.3212727981116927	-0.000014135754011537207
1.328387662505861	-1.508013900591776e-7
1.3543408375199988	-3.6307751428953094e-6
1.3799309859821278	8.998875839556069e-7
1.3884456236730216	0.00001626894460246553
1.3974788895863526	5.052090323412065e-7
1.4158580739707531	0.000025979646645092266
1.4345958649041108	1.1323949405887116e-6
1.4381383196256934	-0.000010522761453287798
1.4440013945034593	-1.1651274526886517e-6
1.4693823204796672	0.000021794160485144598
1.4753826308736961	-1.2919294507578033e-7
1.5113328701321507	-7.624621931877994e-7
1.511532009541554	0.000025577890663289367
1.5244503757973575	-2.8496250498652453e-6
1.535479719478758	-8.976086997431073e-7
1.5530025106270955	0.00001781074657941856
1.576972148283403	-8.646608998467281e-7
1.6021898279765878	8.03143061932221e-8
1.6066884644031916	-0.000014699847789543391
1.6381198557484709	2.1531022390023022e-7
1.644873895263288	1.5618139923757353e-7
1.6576917214127889	-7.88716910627308e-6
1.6599568612774647	4.0117843309490377e-7
1.6776329330081694	8.062858719674881e-7
1.6903526491263392	-6.25107402241654e-7
1.7134751064614875	0.00002772507820366938
1.7325220788434876	-5.35230416136973e-7
1.7328659338428452	7.294250032060731e-6
1.7456653417223151	-0.000011475964791551711
1.759876652324749	-1.6407130552395556e-7
1.7753910720487625	8.631763999807514e-7
1.801298014132783	-1.3467245801976682e-6
1.8056624491239859	-0.000013616573830406951
1.8233268069529913	-6.440043094535466e-7
1.8441632333731945	-0.000033453234502111434
1.8575735957253983	0.00001192246579077589
1.8719390981138986	3.3772147387342864e-7
1.8863557103564403	0.000017833135872735457
1.9044247830922814	0.0000323357839610149
1.9146711784858894	1.1952834885882068e-6
1.928079570244563	-7.836350093364553e-7
1.9390262894273746	1.4489615231833838e-6
1.9756351415900326	0.000028920238014627092
1.9911112554596002	-2.5411019691548905e-7
1.9923759757240873	-0.000034569828484154463
1.9988279169797352	-3.8480508118485246e-7
2.016823228144233	1.0523611561959357e-6
2.0312890933683434	-7.4061188795292165e-6
2.038732258433072	-9.727458361181597e-7
2.0674968446581943	-0.000020998870881577944
2.072951831290027	8.048476041553533e-7
2.0939012692816164	-5.595900246267836e-7
2.1020519783754708	-0.00007033150352112397
2.119462642213932	1.1185323833430337e-6
2.1360872159049222	2.1404477506069005e-6
2.1368202743812503	0.000012234622566417112
2.157936849021837	0.000013378045339543405
2.1918471122423853	-3.499272633575995e-6
2.214969247120564	8.747453322439256e-7
2.2160674220801297	0.000023590601055757665
2.2462048137669512	0.000027856616098715162
2.249872765308396	1.0274690962220908e-6
2.266761298097151	-1.7201284520345794e-6
2.2674031697362125	-0.00002940446859242031
2.2905918558011535	-2.4189054820366698e-6
2.3117543168194743	-1.5261819556758634e-6
2.3205448716809087	-0.000026533956142434784
2.339071035002462	-0.000014531934682177061
2.3458828891620556	-1.1918107657733071e-6
2.345935483040762	1.223350717009103e-6
2.3518629332684213	-6.3881993599858e-7
2.383558922833288	1.0523284396011617e-7
2.386202928716159	-0.00003538645251129416
2.4149732773317396	-0.000011755943876493036
2.4299129377923805	3.7642437397312445e-7
2.451441353469818	-0.00006812473848729836
2.4743602077628566	-3.155780106951112e-6
2.4864556342401443	-0.000013252528244557527
2.508199005463041	-1.4362769783679992e-7
2.5090400041228236	-5.067122321683257e-6
2.5394476043110785	3.756157973486414e-7
2.56087452750063	-2.818837506202234e-7
2.5720563288567746	0.00005649143321054262
2.5724776975920918	3.0901936017939134e-6
2.5837285044830196	-0.000028483345638478496
2.5954664443397064	0.0000210296629021417
2.5981325029442246	-1.0558376616755378e-7
2.6140368601250543	-9.53810044207297e-6
2.6490176957054246	5.039335575024663e-8
2.66641672736921	-1.4075588829773206e-6
2.666527950393345	0.000029669681495924326
2.6706028500935304	-2.4314367729413866e-6
2.6842926953248707	-9.575116177018041e-7
2.69898548078487	7.1700555170979455e-6
2.706541992142263	8.605437602820984e-7
2.730413755785378	-1.626919575013927e-6
2.747902771377767	9.050104929505897e-7
2.7571942320875564	-0.00001210663277198716
2.7709283383135244	1.7871642378482901e-7
2.800004786751572	-7.455229480958937e-6
2.8138478334659	-0.00006465995073437134
2.835583206608078	2.151625646845553e-6
2.8406444446156343	-3.933436004370863e-6
2.8788322891184066	0.000017624250798351643
2.8867185670373487	1.997574390283859e-6
2.894897954787723	9.414253599075023e-6
2.899366450393643	-1.4434401443188702e-6
2.911446296357269	4.0088301763164577e-7
2.917762671704679	-0.00003253132967197085
2.94044384473591	-3.1767254828133637e-7
2.9479546623851434	-4.000211596359021e-6
2.964575281414284	0.00005693528977103717
2.967875057514618	1.5488254212901542e-6
2.9881866034368727	-0.000020920550352371975
2.998065165431342	-1.6233136369033972e-6
3.0375559805607395	-0.000023192071432445033
3.0531808394977134	1.4415566698144503e-6
3.057989485328676	-3.894541614067777e-7
3.065819054503379	-4.490200203071863e-6
3.104112332845773	-0.00003537067264872476
3.1111502542945573	-0.000016243657061092154
3.1112449915459024	-4.96019148750171e-6
3.1530604438636374	-2.236308777928612e-6
3.1583056235793947	-2.155730196733152e-6
3.180490684797178	4.363091217859938e-6
3.1856711378779323	-1.1806646218105882e-6
3.2039212902102463	1.022771896727459e-6
3.21240383244168	0.00004660986204340148
3.2131159901595083	-2.0884627071233313e-6
3.228895513596683	-0.00001601557892166698
3.240918643170346	1.442754164683848e-6
3.2462899541485513	-0.0000178344512869813
3.2584344940763117	-0.00002188183343813932
3.2595175513985737	-1.7432676150344224e-7
3.314602204979394	-1.789700864150711e-6
3.322231956584801	6.69288788411614e-7
3.3266056074547237	-5.590224523351062e-6
3.351840159601352	-2.131266315485935e-6
3.358177609038705	3.314821890138073e-6
3.362231737743116	-0.00009945526926356463
3.3829097615347337	0.0000205903568488079
3.416358612106535	9.635508846244984e-7
3.422438668861389	0.000016948700734917277
3.426675207208632	-4.348422144300779e-7
3.456340748699347	-0.000019804228394884604
3.4667131305053545	0.000023704974246452
3.4820869237726697	-0.000013650990928815165
3.4998419369211433	-8.698487399240109e-7
3.5147016721389264	-1.6529154213912553e-6
3.5206995705020177	-0.00001002592212039858
3.540294348033001	3.3535128483943516e-8
3.5624514984812095	7.572136194457431e-7
3.5627773292672487	-0.000012191501646798691
3.569227399752151	0.000056558353049178606
3.602331301002721	-2.1537839460453963e-6
3.618093551512686	0.000016714803757653454
3.6204460382555226	9.821380938478214e-7
3.621636505436129	0.00004034273976291983
3.6435754399967095	3.603525711127314e-7
3.65430213573336	-1.3598521374459313e-6
3.6616714697864268	2.1016267850146947e-6
3.6704007034311417	-1.1332840635768643e-6
3.710967116136885	4.579353503804743e-7
3.7469965308750375	0.000029942142391675523
3.7538617492144795	0.000052003498042380025
3.7588553318676077	2.7319951317194474e-7
3.770175893561543	-1.0859993771166996e-6
3.7751805689869116	-0.00002311008659397311
3.808362184357918	0.000013827970986958482
3.8173370297021165	-9.996856860539135e-7
3.823472601182516	-2.886050188101517e-7
3.8533059573142054	1.7487317030087996e-6
3.854386211590338	0.00002834019106333699
3.861333619529603	0.00001162717773520866
3.8760463905628626	-9.424008262713283e-8
3.8778404717534727	4.475895100559919e-6
3.8834055575219963	0.000012284239593511256
3.9105876235633446	1.673823518024859e-6
3.925211100740853	8.38561369265016e-6
3.9499840387114205	-0.00002255689077395283
3.969616090515899	1.021209059518464e-6
3.9894121513819982	6.60160507864882e-6
3.98953524516088	-1.928131130430471e-6
4.005576391840236	1.8839678991060022e-6
4.024199262815159	-3.978423340295079e-6
4.037874888912995	-2.7956960695416536e-7
4.0479444181377175	-7.791436534704266e-6
4.060272256465453	-9.384736046967343e-8
4.060596029003875	-0.000016458113573110562
4.091840199301885	6.971417631166776e-7
4.103984187226217	2.1620342235689986e-6
4.136675898281965	-4.612984512231371e-6
4.139704234205567	0.00001569399435584918
4.151095889485305	-1.431056319963972e-6
4.1567193372274005	1.8827193977793848e-6
4.175065174966733	-2.9861876333116266e-6
4.178816285432447	-2.42584348432066e-7
4.185063815594219	-0.00002917516310779831
4.206228074750641	2.9255052981845377e-6
4.215749165535726	-0.000027907414429765437
4.235606243064183	-3.1685942472400182e-6
4.254089543136388	-0.000012549356604343864
4.271099402762218	-0.00002500287185199304
4.280918896544506	4.89848445227227e-7
4.286261020599682	0.000023417308772177067
4.315795071974719	-3.338936737548668e-8
4.340491228654344	1.2103048416080659e-6
4.365352181833089	-4.761751859943124e-6
4.385906637991525	0.000019228418316225016
4.398980188248686	3.8775469500086465e-6
4.408628176653849	4.337159200309826e-6
4.4176954957561065	0.000026281876961726722
4.429299287644483	9.060607708104296e-7
4.429598717165504	3.5315446840159847e-6
4.435557549990733	1.844341469244351e-6
4.455014335619069	-0.000025667782441323155
4.460366826577513	-1.3185677394059875e-6
4.470735373043794	9.24129364229169e-7
4.484704061040134	3.0257089397585066e-6
4.500647667992723	1.567406823856113e-6
4.511458606459769	-0.000020084378187529978
4.525470795273463	1.7707240972365368e-6
4.554985456609984	-0.000010728484948072797
4.55927007790666	-1.654138965414899e-6
4.590677290089218	-0.00001744447322160267
4.601042201114808	6.708767277454604e-7
4.601864610675648	-2.039696985870615e-6
4.651851412201438	-0.000034015153438281265
4.660545039455826	-5.017570287264179e-6
4.67712852222553	6.294168690583642e-6
4.681214269994825	-8.244928046094981e-8
4.688763965900421	0.00002076993413298745
4.700613768192625	-5.7574709456050326e-6
4.716608942169614	-4.3954026020835354e-6
4.730681071888	2.640194791007609e-7
4.742537969974421	0.00003789838711947425
4.755278688145609	-2.677721115924585e-6
4.777155358054074	0.000014856773615113533
4.789045475251783	7.672478028011003e-8
4.796177523197173	0.00001006636497215968
4.808007751281934	3.2422719604801175e-6
4.832017722520277	1.0240607438572239e-6
4.842989039369627	-0.000028086831566766918
4.84895320114947	-2.657323473120121e-7
4.854038053891486	6.6623178910860115e-6
4.863002451430589	2.3805765886644286e-6
4.889245002309394	5.168434809516356e-7
4.894801222363753	1.878656533900458e-6
4.935033229572298	-2.0944532355944137e-7
4.9350943420994895	-0.000015761233508996414
4.949559607181186	3.858959885600066e-6
4.964531697083089	5.4032251051737655e-6
4.965512963099229	0.00002798582108443689
5.00865433533852	-0.00002426682214285228
5.023553504274616	1.7402118560325414e-8
5.025350261418339	5.003719779086979e-6
5.0316155995141685	3.3436519553798292e-6
5.049422369093975	-0.00001289052525248191
5.049738599964087	-7.611232044093602e-7
5.065537402461246	8.258998110172963e-7
5.067499522923185	-0.000020510793696154866
5.081702532506256	3.187127151307865e-6
5.112480743945923	0.000016122219287664774
5.143762225098612	9.374673792835256e-6
5.153732767939914	4.987725768534573e-7
5.156119790509933	-8.95715702261754e-6
5.164103939545157	-2.140131026946575e-6
5.187300278931275	-3.314037205987152e-6
5.190833225434744	2.9268513045297914e-6
5.202561281292162	4.435552258187647e-6
5.208593857120661	-4.1035657041061545e-6
5.248807708863012	-5.390958447434508e-7
5.263480807854023	0.00001833646903596749
5.275164800455286	0.000011167971024454715
5.276082165833429	2.6618149054493754e-6
5.28848843848948	0.000010504469624948026
5.292212414378298	3.5736916264402785e-7
5.307524931767205	-0.0000311791212264656
5.316581691622616	5.942231152929184e-6
5.345658521981932	0.000022521791878796216
5.377336087324807	-0.00001998516388368194
5.382671225427032	1.2577223521684673e-6
5.416852420942064	-3.2128106918875854e-6
5.427943247973133	3.840292711382517e-7
5.442625510758035	-1.4669177491408864e-6
5.4462635873061345	3.067351901540549e-7
5.448142678226702	0.000052997154992445034
5.464357332025486	1.607327624056581e-7
5.469412958155203	-2.0491056731301137e-6
5.485579527587845	0.000021595575630880322
5.509885469467179	0.000013575510266777228
5.512636857812481	-1.4317314934430234e-7
5.540216600192991	-0.000020762669636555098
5.5534609020856465	-8.459765270598114e-7
5.5582567625403385	1.1946629187542838e-6
5.564633339125692	7.158430377205392e-6
5.573898717753366	5.37588789920616e-7
5.59669339179527	0.000013086007326308657
5.613685370000383	-1.7301410287588722e-7
5.645911073258844	-0.000017065716067380873
5.652654998138189	-4.3894295108176786e-6
5.65707156467937	6.482585006417369e-6
5.679483878185749	4.378200439882473e-6
5.679852479019019	0.000033215742326505454
5.706349237728205	2.0562574080661484e-7
5.7147755675853205	-0.00004415762641110134
5.722557071262884	3.277997891588791e-6
5.729771981597878	5.580481338670488e-7
5.751512137421514	5.007286042558675e-6
5.761512722714201	3.364211272560702e-6
5.788717584524534	1.4741650131676332e-6
5.7919659157173555	1.973049639408432e-6
5.795766952133249	-0.000042202983786164376
5.817740764263476	0.00003426114824459092
5.825753209932827	-1.2566188581984975e-6
5.838603624930954	-0.00007801272836925957
5.855608715257006	-6.212292276739559e-7
5.883727986353676	-3.230410147949286e-7
5.8940868848432615	-2.7089734015038196e-6
5.89579462277635	-0.00001567179504907007
5.912882792507389	0.00003828243642444232
5.933344825799679	4.973770780992981e-6
5.953818299979673	-1.621741288954741e-7
5.9547282924166325	-4.826048089281998e-6
5.955806467967591	-1.342387097313953e-6
5.98271381029474	-0.000014868643811800442
5.997884348011723	1.197234498487609e-6
6.034195319056835	-0.000016008511447744914
6.04313868694004	0.000014887085848852219
6.0438959951130755	2.7508344909680244e-6
6.068090853464696	9.19815301829147e-7
6.068154858800824	0.00001738694069580802
6.078686322803719	-1.7113282173522982e-6
6.095382612055744	3.6634012179452558e-6
6.107015497911789	6.529544243904811e-7
6.127645937794796	-3.9290443496174665e-6
6.1379978677397276	1.8354718740061057e-6
6.148117386760134	-0.00001388994179851201
6.16956216613346	5.894625698819391e-7
6.181318929649592	-0.000013509347462819458
6.188973298839983	-8.466366716438535e-7
6.21327095795283	1.684749137826948e-6
6.21473970651607	-6.0539581401698565e-6
6.227827562184245	4.1597548082472624e-7
6.240242342140618	0.000039920445686445795
6.247268099662506	9.531193616699138e-7
6.26944359804196	-1.3501502017304428e-6
6.27807735431827	-4.975102242073656e-6
6.290658127870017	-0.000026092648626057507
6.320537838093799	0.00004615611202879715
6.327716683238862	-2.8329872202087915e-6
6.332780028228228	-1.4942823541698805e-6
6.3513144346100034	-4.403234003490134e-6
6.372387707395035	0.000017871110092692807
6.383437365389625	5.7517967689427e-7
6.385232115592487	-1.984752856516725e-6
6.3987717516553175	1.4615625435781668e-6
6.41094274334705	0.000015485571666806752
6.412638010021055	1.4188502071494661e-6
6.420468306132761	-2.0148022480586556e-6
6.466767915307116	0.000027258252338376813
6.49052020750338	-0.00002451242675922255
6.491527183445157	1.0198667157090579e-7
6.493053701383246	1.3505168889552123e-6
6.526654324163303	0.00001752055414070211
6.526918875175454	-1.0810746957707076e-6
6.536674865702139	-0.000013125255485520876
6.549538596430068	2.3659643946234286e-7
6.5736440293272835	6.692453897651218e-6
6.5772464438342695	1.1729092715597605e-6
6.603613777736484	-0.000010657391379064862
6.6078140206361695	2.5541816821356298e-6
6.630234667411628	-2.8048551189821466e-7
6.639765793634297	-1.1086017519534863e-6
6.652973671729853	3.055803334107655e-7
6.661822040423488	5.718427912347612e-7
6.693477774271571	5.452832968030896e-6
6.706986634883094	0.000013173834358596107
6.714540918906323	-2.2801026747591558e-7
6.716515345287519	3.7491477185049027e-6
6.747243607797998	-1.8515529590877623e-6
6.758142680757146	-0.00002333712612427076
6.775610304285067	0.000012134569549648345
6.781359723977744	-8.232200069919801e-7
6.791690120974465	-1.1915119353525346e-6
6.813701354772149	-3.854225765483237e-7
6.814693848008119	-1.116317995143029e-6
6.830316438901832	8.128997929880699e-6
6.842636956519755	-4.034598353366268e-7
6.849979978422539	0.00003011017219525531
6.856850377587705	4.5436777398386575e-6
6.8902755184964235	0.00004337416897236615
6.89195006765749	9.102538183431375e-7
6.919914649582495	8.379088757327497e-7
6.932640223831754	0.000026496441902560536
6.938758215790074	-6.086291128016082e-7
6.949949021497844	0.000014369895213731457
6.952320566347794	1.9641197523887935e-7
6.973263447525937	0.000015020012289472529
6.994056788892237	-1.6923954666500651e-6
7.001253627805738	-2.055420418910631e-6
7.016780651735985	-1.7027421942900416e-6
7.028493874780509	-2.4475773021358227e-7
7.038639157738828	-8.66501816156467e-7
7.05447403228095	-5.196486224587349e-6
7.066645451738339	3.875490627414102e-6
7.084608121167548	3.922193002249185e-6
7.0985815621535835	-1.8336983856243695e-6
7.116671884009747	-0.000010797087337898956
7.119248657221419	1.1804293649038354e-6
7.126679957747001	0.00005442310933060149
7.135802802298201	-0.000015204034691493709
7.145169343324596	-1.4742846894241042e-6
7.168610299963632	0.000021478175923562298
7.176133101062248	2.6147059504357175e-6
7.190166738597782	-0.00004462190748949371
7.217157764832393	-4.048194877202468e-6
7.2198226301581485	-1.0467624513518335e-6
7.249596176412467	-0.000013743764613836744
7.250238834336301	6.321158771295529e-7
7.273549763363633	0.000023331620293897543
7.274569864896762	1.559678786312517e-6
7.3054401921885415	-1.8969833984812463e-7
7.312315622126221	3.8755999295855825e-6
7.338041463924014	-6.105154941246638e-6
7.341408590182937	-2.7662501650148087e-6
7.349613765203117	-1.981231557686088e-8
7.357721372955211	7.072717366645581e-6
7.36861882044343	1.3238549018077411e-6
7.378875886966	-4.29113293544392e-7
7.420572141682953	9.198120343984552e-7
7.4302372809675035	-1.7757562058608178e-6
7.438702284746512	-1.4844375202225089e-6
7.451408615881121	-0.000022365510709066935
7.465267505937561	4.068487077580808e-6
7.481115120848472	-0.000010422161705511343
7.492058266072547	2.191063630368574e-6
7.493010298389777	-1.1406933840940711e-6
7.510309955276796	0.00002156409975494905
7.515781374957953	-4.596012636975941e-6
7.527082872844517	1.607460700751749e-6
7.5700673844943935	-4.7184658884657366e-6
7.57087563263002	1.5920219135867797e-6
7.578740105148995	7.443605059095915e-6
7.597834543362353	-3.1805591902190657e-6
7.598209058279338	-8.937954972753178e-7
7.6191751008949495	1.3794918183215463e-6
7.6353211382763675	1.22154196095207e-6
7.6365485394339885	0.000017204346290431057
7.655087066654005	-0.000023838979867993586
7.675192085763285	-4.470433751287833e-6
7.676817322632417	1.730332862524693e-7
7.691867313646469	6.975162725683001e-7
7.708209262927653	1.9131229519507922e-6
7.721125344062216	1.487787492230415e-6
7.732076727571325	-6.942777129508502e-7
7.732170116956581	1.259458164162841e-6
7.7598121342902004	-1.4434296511810432e-6
7.786371818651162	0.000022702842946158933
7.804129831483863	-1.893694396202892e-6
7.80553852512935	2.9140731282783788e-6
7.810168708792219	-6.524462173002066e-6
7.84017868698578	-9.485460000253215e-7
7.86485344680483	-1.2126373482644068e-6
7.864869693619482	0.000021625673917496403
7.896105269962845	8.191667806120573e-6
7.896689389834478	1.6353128383736267e-6
7.902026258082685	1.4719344213390282e-6
7.909241969079744	0.000023990297637485614
7.911589709762609	-1.9975082292227053e-8
7.926723220843826	4.893939218663675e-7
7.941527996168247	-3.179455601388862e-6
7.958055582812165	0.000012563345083677069
7.968980693483559	0.000024312419986172867
7.979213740339162	1.843214756573272e-6
8.002648953126823	1.908698867052043e-6
8.011782025786488	9.407431756106862e-7
8.01365080439615	-1.2097195507411018e-6
8.024576276383868	-7.792090443353254e-7
8.041752369379992	0.00001337765738912769
8.072898601898089	-2.0838617121807235e-6
8.082679150641013	2.065566493288512e-6
8.114693087469334	-1.3789298759365674e-6
8.130136962521817	1.3755490642200592e-7
8.133391129214374	-0.000021597609410993826
8.142564865571217	1.1100434464256237e-6
8.158381612973358	-2.2671917487628046e-6
8.172610993828698	0.000010758683390676982
8.177092647563313	2.3583076493801743e-6
8.18967326742694	-0.00003553594955613658
8.200177676305657	-1.2520135496014903e-6
8.216461080648116	8.902266425622235e-8
8.222845992527368	0.000024668017036190426
8.228077781628485	-6.759965696122512e-7
8.236346499118895	0.000015293488491521963
8.254081293714307	-2.2402190371181146e-6
8.264490493654932	-3.097100918756507e-6
8.290016296753379	-5.077570588033632e-7
8.31526915569873	3.621991683537752e-7
8.318603769874699	7.886114026167332e-6
8.327506860121218	0.0000478600319821984
8.330468040826588	7.003710155931433e-7
8.339089840223721	0.00004528172564280701
8.36905621175572	0.000010629544595370383
8.385896810363477	0.000020606221972368707
8.395154649238577	1.6652878738824634e-6
8.396233492901558	6.447070209853234e-7
8.418742070462997	-9.331404396470747e-6
8.43054921779617	1.3293000959215271e-6
8.44975367206905	-1.9512724270311843e-6
8.465758362825056	-0.000013196557196551092
8.473834091180379	-1.1510455088773226e-6
8.486644078035908	8.972778952012588e-6
8.52243861541291	-0.000018734679562888018
8.523389812912512	-1.5525544095100444e-6
8.537227201288488	0.00001257725030144965
8.5472582858456	0.000015917539514777312
8.558410753507076	1.5965102793852486e-6
8.567641660521758	2.3092634721974888e-8
8.585567274230414	7.913688687118188e-7
8.601805497179726	0.000010294424795373458
8.613049450153028	1.0194817882238392e-6
8.618953431461875	2.494885955432735e-7
8.630210251059793	-3.669018340504026e-7
8.639404680885832	0.000031420508892720383
8.656322184197734	0.000026931358587486964
8.659481276637962	-1.4392589695135508e-6
8.69818848468077	-5.7077002758526325e-8
8.707921519096999	9.393371387104998e-6
8.722114516731722	-2.6399816961813534e-6
8.72729980451578	0.00004272067352985873
8.728054084206576	0.0000115873311117929
8.75341386817206	-8.499761550243856e-7
8.766160999605177	1.9615884162935684e-6
8.771472562714905	9.955975103250608e-6
8.789864049873245	0.000010543933577694762
8.807744138291014	-7.190639039589275e-6
8.819793220671784	8.678874477743978e-7
8.827504937848857	0.000025233495103345414
8.834220528717651	-9.826758891161765e-7
8.863302715287887	-1.738529175474051e-6
8.874945278277778	-7.834586019341526e-6
8.884825112684041	1.034293497807939e-7
8.898385026756557	4.0689166209023326e-7
8.92064574153926	0.00002052366411329186
8.926198531729653	-0.0000125975537989435
8.931397795929115	7.327279040088974e-7
8.956419766004956	-1.1372739921690112e-6
8.960092036084575	-0.000021493416834512252
8.973023652244251	-0.000035608430419488586
8.97572476561595	5.938379831528949e-7
8.994139709698516	1.4158225200276974e-6
9.002415214040013	0.00002584157931390975
9.009379359127706	-0.00002484040054444303
9.029742415653573	-5.584253257017834e-7
9.040530713864598	3.2782517670956746e-6
9.061741743101493	-6.597736996505395e-7
9.085870678439392	0.00001610663447707038
9.094818514461167	-2.227322094836098e-7
9.104892839618742	-4.321002523940964e-6
9.118454063379716	1.9161671284939377e-6
9.129635380552429	-2.386660578794844e-7
9.139306735631635	-7.675605632746629e-7
9.15760199204226	1.2633170163445626e-6
9.172854312014124	0.00001879195231733674
9.182664244444823	1.019599587396573e-6
9.18497513286502	0.00003748808657859197
9.196202971916705	0.000032603262949446044
9.203619121851148	-7.047968751883126e-7
9.233582715272178	1.3483959028132385e-6
9.238057264198403	-0.000025074058347670375
9.25551997742798	-1.3869218445403175e-7
9.27008443158951	-1.8561425149465576e-6
9.271288604624772	-0.000024709065776526082
9.279608207877232	0.000025988384758281885
9.308440192417834	0.000029288607238977778
9.333509779264318	-2.6849252899244484e-7
9.341400931136832	-0.000011280620597574863
9.357271475860216	8.696350521197882e-6
9.37750788834694	1.209563171391422e-6
9.381056251256439	-0.00001351803083900465
9.391146606452423	-8.499222279832591e-7
9.402598988704312	-9.812550451703384e-7
9.407236138158737	2.1328795576751325e-6
9.412108319910885	-2.2415792627236181e-7
9.43362805313518	0.000011036182769046717
9.46110350488948	0.00004678529298770065
9.467496100161043	2.834548228224423e-6
9.474473283125235	-1.570584725204702e-6
9.48117269542388	0.000026767924964317402
9.501841357576382	7.074936226383888e-6
9.503253675956444	5.356256377173879e-7
9.517405721622822	-5.573525202781388e-7
9.537914147014646	2.5445249822158428e-6
9.546328719144526	6.154172024387203e-7
9.575366453035883	-8.20625056519031e-8
9.57960432565892	-6.76164118816011e-7
9.59367507152291	0.000023360044128659108
9.598310137197132	5.538452927736764e-7
9.62330575519519	-0.00001219954057055583
9.635732917842688	-2.433918229002467e-6
9.652915889270673	0.000010970285610961
9.666370956491562	3.5326369427213233e-6
9.684658671963973	-1.6081687121419908e-6
9.696998594603258	-1.001929982537695e-6
9.704790719237678	0.00001958262247437996
9.708776983910468	8.346532957073889e-8
9.718382245782323	-0.00001851151609495033
9.727387468867448	-4.313826334283681e-7
9.759233752208047	3.1623431656062774e-6
9.761109585582915	1.2803513322731128e-6
9.769598442691745	-0.00002335985348014217
9.781841233720854	2.342901199406834e-6
9.801717533432623	1.0661232519276658e-6
9.8071361738331	2.23943258043785e-6
9.820449432828866	6.552649539446481e-6
9.831094221887383	-2.114373781488052e-6
9.852699318181408	-0.000031482648811382435
9.855632217904997	8.097024002839216e-7
9.882764519707962	0.00003093226747084648
9.911843466495213	2.037087970964561e-6
9.918303693484575	-0.000043275171348893145
9.923156153465527	-3.0410309611542913e-7
9.937484809275986	-1.3844784469205228e-6
9.946300651417005	-0.000014860890789359163
9.95215335916879	0.000015485417791879195
9.96076099276911	1.247937190182317e-6
9.97291841945713	1.5284605483225522e-7
9.984885449212697	7.284617076185051e-7
9.998167254774216	1.252013638258963e-6
10.003266860900737	-0.000023944322665496454
10.021424127026876	-7.899494007186567e-7
10.050823998275632	0.000029347426917195052
10.068093727135022	-1.836663192602991e-7
10.068751215313227	-0.000020097968431401214
10.080009118551175	-5.591958765565307e-6
10.091895756040572	-7.64482628059243e-7
10.10038630336976	-0.000027965877791712168
10.10320626513203	1.795126502760472e-6
10.129280284302354	-1.7610445193608585e-6
10.142074787642628	7.850314274866765e-6
10.155334327499645	2.236844538129612e-6
10.1620139651954	5.132554519822218e-7
10.174753203953173	-1.0034835787895924e-6
10.17823323897045	-8.99852077975577e-6
10.199575216163055	-0.000014189731131653005
10.230225223765501	-1.3663582428364273e-6
10.232339139002988	0.000024389311047631757
10.246748806352514	9.762598447734028e-8
10.25540365581162	8.817977236962186e-7
10.28051045975559	-4.347184981108587e-6
10.300135683970495	4.645761398185122e-6
10.303161645009766	-2.5838926431278465e-7
10.31035271509046	1.7053969328649974e-6
10.313547218702752	7.001585362154117e-6
10.32983792658922	5.673141322585082e-7
10.344241537359665	-8.32988926429204e-6
10.349256504167272	-1.8108741521396633e-7
10.383749311743088	-0.000011976925059609556
10.392504305619639	6.074131469451951e-7
10.404483911942009	-6.780432514993939e-6
10.412110608375485	-8.049368573907062e-6
10.41462660201671	-1.3075380203626436e-6
10.445108800753701	-0.000010931661150660743