-36.06051769143647
-36.060517691436246
-35.569611249461104
-35.56961124946059
-35.07892854200827
-35.07892854200793
-34.58848001402487
-34.58848001402481
-34.098276920066496
-34.09827692006587
-33.608331427886355
-33.60833142788607
-33.11865674978412
-33.118656749784066
-32.66160188474055
-32.661601884740094
-32.6292671844825
-32.6292671844821
-32.17157693081862
-32.17157693081754
-32.14017796709629
-32.14017796709601
-31.68181619241716
-31.68181619241659
-31.651404829219302
-31.651404829219018
-31.19233513609629
-31.192335136095664
-31.162963162082235
-31.162963162082235
-30.70315364604079
-30.703153646040676
-30.674866650774163
-30.674866650773993
-30.214298503140867
-30.214298503140128
-30.1871252109882
-30.1871252109882
-29.725806929977068
-29.725806929976784
-29.699742041816535
-29.699742041815853
-29.436272374285352
-29.436272374285124
-29.237731154947483
-29.2377311549472
-29.212709706723956
-29.2127097067239
-28.947198738839916
-28.94719873883986
-28.750143528609897
-28.750143528609442
-28.726005607937452
-28.726005607937054
-28.45842255784021
-28.458422557839754
-28.263140551315132
-28.263140551315075
-28.239588421383985
-28.239588421383814
-27.96995510761883
-27.96995510761826
-27.77684213382321
-27.77684213382298
-27.75339911978358
-27.753399119783467
-27.48180920686093
-27.481809206860873
-27.29138121065904
-27.291381210658642
-27.26737143184289
-27.26737143184272
-26.994000743259846
-26.994000743259733
-26.80688293847578
-26.806882938475724
-26.781452486403452
-26.781452486403282
-26.506551875067657
-26.506551875067544
-26.384209750790603
-26.384209750790262
-26.323443181632626
-26.32344318163257
-26.295623927582255
-26.295623927582028
-26.01949520162026
-26.019495201620032
-25.896113278195173
-25.896113278194946
-25.841120792399238
-25.841120792398954
-25.809908979448437
-25.809908979448323
-25.532878332844177
-25.532878332844064
-25.40831522084636
-25.40831522084619
-25.359946712917804
-25.359946712917576
-25.32436239854502
-25.324362398544906
-25.04676837770694
-25.04676837770694
-24.920801926154468
-24.920801926154354
-24.879939190741993
-24.879939190741425
-24.839053919265723
-24.839053919265552
-24.56125591781955
-24.561255917819437
-24.433553551949842
-24.4335535519495
-24.401114449279248
-24.401114449278907
-24.354055501093455
-24.35405550109334
-24.07645806300991
-24.076458063009795
-23.946550509108476
-23.94655050910825
-23.9234887277737
-23.923488727773076
-23.869434889395848
-23.86943488939562
-23.592520279632083
-23.592520279631913
-23.504932927461994
-23.504932927461823
-23.459782805006512
-23.459782805006398
-23.447061263542082
-23.447061263541798
-23.385253434914773
-23.385253434914375
-23.109616904829238
-23.10961690482918
-23.01783086970272
-23.017830869702436
-22.97384497482585
-22.97384497482551
-22.971202130519032
-22.971202130518805
-22.90156571232734
-22.901565712327113
-22.627950562192098
-22.627950562191472
-22.531159792000153
-22.53115979199987
-22.498371198863538
-22.498371198863254
-22.486196984024502
-22.486196984024218
-22.418419374441612
-22.418419374441328
-22.14775085650939
-22.147750856509333
-22.045081947310905
-22.045081947310507
-22.02576261196208
-22.02576261196191
-21.999501307133073
-21.99950130713296
-21.935854319229293
-21.93585431922895
-21.669272448905872
-21.669272448905645
-21.559975230470513
-21.559975230470286
-21.554344817514618
-21.55434481751439
-21.51246161627165
-21.512461616271594
-21.453900267601398
-21.453900267601227
-21.192791758259546
-21.19279175825926
-21.08492937278828
-21.08492937278828
-21.075267044852126
-21.07526704485207
-21.02494951306386
-21.024949513063802
-20.972570932016026
-20.972570932015685
-20.7976083067565
-20.797608306756445
-20.71860028810454
-20.7186002881042
-20.616278599324176
-20.616278599324005
-20.592453594517906
-20.59245359451785
-20.53690755465732
-20.53690755465709
-20.49184964483669
-20.49184964483635
-20.311072713291992
-20.311072713291537
-20.24699145843897
-20.246991458438742
-20.14901023671456
-20.149010236714446
-20.11112879003008
-20.11112879002974
-20.04846969555132
-20.048469695551262
-20.01164974994532
-20.011649749945207
-19.82464589594349
-19.824645895943263
-19.77823754231082
-19.778237542310706
-19.68306519565641
-19.683065195656297
-19.63151440582419
-19.631514405823907
-19.56010758191354
-19.56010758191337
-19.531690640323404
-19.53169064032329
-19.338317306761382
-19.33831730676127
-19.312552108965235
-19.31255210896512
-19.21846818879459
-19.21846818879436
-19.153734043779025
-19.15373404377874
-19.073010710941617
-19.073010710941276
-19.051115270078128
-19.051115270077958
-18.852488765520604
-18.852488765520434
-18.849732439209106
-18.84973243920888
-18.755296132768876
-18.75529613276865
-18.67787596359875
-18.677875963598467
-18.589464187457907
-18.58946418745768
-18.568132437781117
-18.568132437780946
-18.390886337448876
-18.390886337448535
-18.36634754344601
-18.366347543445613
-18.29366324872001
-18.29366324871961
-18.26089134037079
-18.260891340370563
-18.2039970757113
-18.203997075711243
-18.110541981210247
-18.110541981210076
-18.082424695862585
-18.082424695862358
-17.934508153825675
-17.93450815382272
-17.881838538670763
-17.88183853867065
-17.833631816591833
-17.833631816588706
-17.773852333984678
-17.77385233398445
-17.73209393766797
-17.73209393766774
-17.635048392468605
-17.635048392468093
-17.596506745404724
-17.596506745403417
-17.480291473890645
-17.480291473860007
-17.400084224568445
-17.400084224566854
-17.374668488708608
-17.37466848868621
-17.285959606694632
-17.285959606694576
-17.26194961966786
-17.2619496196657
-17.162572439983762
-17.162572439974213
-17.11348062415709
-17.113480624126566
-17.026222569468587
-17.026222569180504
-16.92819256301044
-16.92819256291415
-16.910820691834545
-16.910820691758886
-16.799958949519407
-16.799958949509403
-16.790315489796967
-16.790315489781847
-16.694279972723848
-16.694279972467598
-16.637710203299264
-16.637710202604865
-16.56775253918488
-16.5677525369382
-16.471914503062408
-16.471914502113975
-16.437249119499825
-16.437249119328783
-16.330353166031273
-16.330353165751774
-16.30255813280604
-16.30255813276989
-16.23342952611972
-16.233429520282698
-16.17191450023546
-16.171914490482436
-16.100530850760208
-16.100530836294922
-16.020651575931367
-16.02065157067375
-15.964764465379574
-15.964764464589564
-15.893293868306387
-15.893293868298429
-15.865973310951517
-15.865973306760054
-15.809941230317577
-15.809941229230219
-15.78432457713427
-15.784324483287264
-15.709961442159795
-15.709961363456273
-15.629553698907955
-15.629553598666462
-15.570704895018594
-15.570704880506241
-15.49551079005846
-15.49551078587848
-15.409165207936837
-15.409165179085619
-15.401486666207916
-15.40148660820796
-15.347665693409681
-15.347664666906212
-15.31537052033292
-15.315370519154612
-15.246714350481
-15.24671380389077
-15.16604782140979
-15.166047118824508
-15.117782489229853
-15.117782480745007
-15.02857883588473
-15.028578826816613
-14.951031141905332
-14.95102831027782
-14.921934920189983
-14.921931240294555
-14.912390558948573
-14.912387047991217
-14.820905834693065
-14.820905802668165
-14.783527065062685
-14.783522689020629
-14.715988168047375
-14.715985083372061
-14.660894218657802
-14.660892624880375
-14.562009005618734
-14.56200866331335
-14.518652285939709
-14.518589762614397
-14.474982355189411
-14.474967372199558
-14.43055453778851
-14.430553970994197
-14.334131744165177
-14.334111299223025
-14.321199375111973
-14.321178704834153
-14.269132858079843
-14.269130308894432
-14.209713833886383
-14.209668083037116
-14.113354776981566
-14.112981168611213
-14.08627606048941
-14.08615883035418
-14.022052423819275
-14.0220064101905
-13.947765273912864
-13.947760985879256
-13.889647047343828
-13.889341466113251
-13.847738916092396
-13.847733253507329
-13.803641181929436
-13.8035842482941
-13.77466353291834
-13.773719476529152
-13.705803200987646
-13.70343299554304
-13.689642821172072
-13.689640005992601
-13.61714264156302
-13.616948605215725
-13.56965989374919
-13.569310133135332
-13.47716214144441
-13.476247568125984
-13.461205159279586
-13.460077640143027
-13.405577634465317
-13.39948411939315
-13.36120385854474
-13.354221228469896
-13.324254181244555
-13.323857805810235
-13.284324546716618
-13.278276697188403
-13.196295353914877
-13.196283365052864
-13.152367445674088
-13.151189159404282
-13.126917010658588
-13.11798077488345
-13.073641665684022
-13.057819150022965
-13.045421471728332
-13.006786300931424
-12.992550437498835
-12.99195600383689
-12.915082976656265
-12.906873787178142
-12.889097646176708
-12.8811840188078
-12.82418783209522
-12.807780799860268
-12.765056632355709
-12.706303394448128
-12.706053926542666
-12.697542565426545
-12.696721967366955
-12.683611441346102
-12.663109207924492
-12.646235173504465
-12.631190089019356
-12.610251470732464
-12.525205254289801
-12.525197763590995
-12.4880923728781
-12.46690120293897
-12.466399945425053
-12.442474811875911
-12.403720144903218
-12.34287404077736
-12.323853744814642
-12.299131612687177
-12.281136895810164
-12.26354865510433
-12.249217859363682
-12.2441014399717
-12.207591530502668
-12.204256671129713
-12.168563871429512
-12.156499546910823
-12.07955550618226
-12.063024290012038
-12.063006794557111
-12.049017394289933
-12.044246214948828
-12.018176258590358
-11.97639448582521
-11.96501062770102
-11.927609732112728
-11.878166993006232
-11.840861675511178
-11.837606510885735
-11.800975103752876
-11.787136638144545
-11.744349500611463
-11.739353743301479
-11.711918877981986
-11.705147143850638
-11.693785001307788
-11.664136663394515
-11.643018592834949
-11.642926968313077
-11.61941532889415
-11.618775153964577
-11.593855096683512
-11.593123431726838
-11.56929010957009
-11.538101045696692
-11.495260628083088
-11.447312617479042
-11.42470883777321
-11.412074317080226
-11.359553861149436
-11.34976765127908
-11.315939065333737
-11.311901212798489
-11.300718337878038
-11.255615020294385
-11.248437663467826
-11.239829640110486
-11.198880544701979
-11.169902109737677
-11.164194565623347
-11.136089829272692
-11.135326929972791
-11.117941889925987
-11.116037641846788
-11.097198326595901
-11.04458394620923
-11.026623992538418
-11.009727064067931
-10.9899473620776
-10.971397061514836
-10.966127199847563
-10.92506336006727
-10.86831103495308
-10.83408658510433
-10.833215115524979
-10.802707565735489
-10.798161740271723
-10.787093126558887
-10.731636824644397
-10.701193345280842
-10.695861985061867
-10.68885477134205
-10.662189306399398
-10.622716608329881
-10.608027871438196
-10.60605035295282
-10.602280074784233
-10.592611924580979
-10.568026961682563
-10.547601985744961
-10.542663408932412
-10.530076945370809
-10.438838415070393
-10.411626714699935
-10.38247684455797
-10.374873896243002
-10.355908336474215
-10.354491158902533
-10.326291102196535
-10.275234935936737
-10.239491603244801
-10.231648289614611
-10.222840502292627
-10.214175122009465
-10.186308753371861
-10.161422832636333
-10.152525956560623
-10.125949579366875
-10.111298272601516
-10.10454044827236
-10.060563912590169
-10.049682073122199
-10.01049449318026
-9.973853038217442
-9.966798259354732
-9.96364960702033
-9.94199799004042
-9.930503422040545
-9.888751829126647
-9.869792753119839
-9.844456273846731
-9.824457606700093
-9.772917546136114
-9.7668385535286
-9.759343205738446
-9.746973360076595
-9.746292005330758
-9.742431306173955
-9.682539528504265
-9.669703519893574
-9.652011828491197
-9.640979022959243
-9.623142281407354
-9.585072958540138
-9.55876395419665
-9.548466072832184
-9.546682162652985
-9.538457396979425
-9.51875256031849
-9.495591040451643
-9.46427087846871
-9.448045626022463
-9.421185451128167
-9.390669037165935
-9.340926597312887
-9.330049095445304
-9.297843543423198
-9.28301804372802
-9.266859298917723
-9.253457093681448
-9.23449203351413
-9.228886069809562
-9.203766768106561
-9.198492230777276
-9.178441004883553
-9.16412354238554
-9.120982280720057
-9.113730564978368
-9.111253014138754
-9.09639580924187
-9.05005119392257
-9.020382718574695
-9.008704322619622
-9.005938136967359
-8.977306173454792
-8.953600636952274
-8.909975137443894
-8.90415143943983
-8.876092813925823
-8.830713763566905
-8.81849308915929
-8.809908753771253
-8.800515105723605
-8.79904710543667
-8.762979834381497
-8.761005757104385
-8.720498954687685
-8.69501946043664
-8.692986192800788
-8.67518968966499
-8.665642147038625
-8.639607127396857
-8.58558838398136
-8.580276398197952
-8.55957618321736
-8.529098185131545
-8.519160641491453
-8.504826159547463
-8.481664488321883
-8.467515081243619
-8.456261599289746
-8.428087173762492
-8.381719418968146
-8.375292654767975
-8.35786214753034
-8.338401839627295
-8.318965500160175
-8.310386568049125
-8.277843244928818
-8.255853018137657
-8.234064714930014
-8.220394760862007
-8.202274324686925
-8.18211496042693
-8.141762854812896
-8.129751607426783
-8.102355700476778
-8.09331021468364
-8.088048696159774
-8.064147710855991
-8.03040577866119
-8.004338399844016
-7.998749761752379
-7.997699370151963
-7.980111909562197
-7.979671959645998
-7.9661289490518925
-7.939359427587021
-7.902850844342765
-7.878963124611232
-7.875879356114581
-7.842744148767679
-7.842012119005062
-7.808052158847715
-7.784552109990784
-7.759210900630819
-7.754618051435898
-7.744274632838994
-7.72119782609974
-7.716585472920485
-7.6794476438624315
-7.641817476780034
-7.6089116411251325
-7.605870023978355
-7.583473302200787
-7.551161064111284
-7.536450622666848
-7.536439875455301
-7.512636966240336
-7.508254157019394
-7.4677091953863055
-7.4620821167510485
-7.461052365675982
-7.422671342747492
-7.418466706580432
-7.3913219032176585
-7.376926381441194
-7.3558134858568565
-7.349262829885447
-7.31982659964558
-7.29270383998545
-7.269514708388556
-7.266774058578903
-7.259521393332818
-7.2471226772865975
-7.1825270946726505
-7.179255143965634
-7.141072370826407
-7.130601688507625
-7.104973012292305
-7.083926397895766
-7.0779925073160825
-7.0661859679865415
-7.03558606240091
-7.030500996575654
-6.998618634267871
-6.996045000754805
-6.971516500635971
-6.942792919201622
-6.939546832543272
-6.898051498283678
-6.895866697696761
-6.8789166435843185
-6.842325420317138
-6.830713661148479
-6.812526500181434
-6.800389091231807
-6.790797895908497
-6.763160249991188
-6.757516569196014
-6.754599085989355
-6.701691057616472
-6.673026075648863
-6.667059658210633
-6.63850548783978
-6.6130223046300785
-6.598446862013816
-6.58990456549725
-6.570141739623125
-6.552152857993121
-6.531409477272575
-6.50970231901897
-6.497419455623856
-6.49274747935408
-6.447050093780433
-6.439780666645731
-6.415317651038663
-6.403324765075979
-6.390781994720555
-6.386262398423696
-6.365038619254676
-6.356217769170371
-6.336945280160705
-6.316334714782897
-6.2849821262940395
-6.276192259821698
-6.25623355199366
-6.222115775273437
-6.203107234958225
-6.202976130408047
-6.161770995454162
-6.159464499094213
-6.139956335046236
-6.129368277195454
-6.117032023924537
-6.089593940795055
-6.069390735824811
-6.061827312480318
-6.037151733644066
-6.014669296050499
-6.000089180765258
-5.992007437606048
-5.97345299387473
-5.946401130060849
-5.9263331162708255
-5.922698465735664
-5.885743628175419
-5.8614335099908885
-5.851218886910033
-5.844218876184527
-5.784741828912672
-5.7724614522715
-5.7570652176003705
-5.752681092743273
-5.750498259018286
-5.7205027756459685
-5.717646866998166
-5.680962576561569
-5.675575387738661
-5.6531664067002225
-5.6419412981856
-5.641198965365959
-5.608727157063811
-5.605249276372376
-5.5678858111110685
-5.558091328899366
-5.520516211937434
-5.514220939590018
-5.505078478807491
-5.472102173818882
-5.45309562122651
-5.446190707432152
-5.443670830161068
-5.399725613066778
-5.367643145257148
-5.35538158291979
-5.338402451176307
-5.337959236819188
-5.325380572953691
-5.277057095695227
-5.2732241354920575
-5.258720166100716
-5.241520959568902
-5.224548535447298
-5.213902552561365
-5.192495864844432
-5.145482680093096
-5.127651665707845
-5.12719932217135
-5.112950695084237
-5.0975035970221825
-5.057896734067697
-5.0421837649651025
-5.035528849325431
-5.014801901495048
-4.995917508125274
-4.9940889170089235
-4.963972860720787
-4.954148361657985
-4.94418605886267
-4.940076474765192
-4.910801007048917
-4.88983863774871
-4.878128919848734
-4.854958421224353
-4.84046228566433
-4.835440529793232
-4.811806275986726
-4.798152417721724
-4.759845686115909
-4.759549432506958
-4.7485536278908285
-4.724130231099082
-4.721053776822771
-4.693710465319612
-4.664929302226369
-4.6508449442218875
-4.61608648629317
-4.604924424247599
-4.583640197295836
-4.574131794448135
-4.55678464505479
-4.555622955764193
-4.530995067451784
-4.519273203010812
-4.483782535456157
-4.471046302417108
-4.45408662197292
-4.447869818430263
-4.426525704449318
-4.396033336990456
-4.394539653643562
-4.378977393040657
-4.349988676831401
-4.343059326091236
-4.3128973408741444
-4.293200418766105
-4.287353095738013
-4.267807950581243
-4.262548003729478
-4.238655594463523
-4.220320251365365
-4.207898495610607
-4.178063875041801
-4.173227430384998
-4.153624909537882
-4.13806241942757
-4.113904647560162
-4.088913565943756
-4.057290340720044
-4.0551379088771
-4.052912461251253
-4.027778056770728
-4.016507164229779
-3.9885004298549234
-3.9504550102788016
-3.933845767221669
-3.9284893175591264
-3.9207047267792063
-3.90213845024698
-3.8663659034776856
-3.8633446566634007
-3.853005563022407
-3.850435301232153
-3.8399922380933162
-3.808204594751146
-3.790100331319138
-3.774269721511189
-3.7650800124255284
-3.742493274994274
-3.699999804252627
-3.698846776764242
-3.6833864588441543
-3.6829450023722643
-3.6384947238888117
-3.6276911263021816
-3.6260119665874413
-3.586906661423029
-3.579540841730136
-3.5653111509896576
-3.5534857586318935
-3.507029344345767
-3.4971497498468693
-3.4813518347671106
-3.459758258929128
-3.4431409598607843
-3.4392835200734453
-3.432485019883643
-3.423353502293253
-3.417436024085305
-3.3843355564278
-3.3665619337622843
-3.3555282405002913
-3.341284693927321
-3.333308278682807
-3.288324813366046
-3.28585333288828
-3.2677487096484583
-3.263171524071595
-3.246751673362496
-3.2152622399340203
-3.2048481774499464
-3.189248570303846
-3.166604065585659
-3.1538722568403728
-3.147650852515028
-3.145327808231116
-3.103323531723504
-3.0899859863239385
-3.06622462641576
-3.052295729713478
-3.0177421464220515
-3.012569813247751
-2.9882050305576513
-2.968592733952846
-2.9578848602989183
-2.949561294644184
-2.927652679509208
-2.907918050922376
-2.899958956477235
-2.8893558694772423
-2.874134978076313
-2.8420122206678116
-2.8385185680598966
-2.798704416690839
-2.785784994621281
-2.7765209846616585
-2.7585301220015594
-2.750849372872892
-2.738011857581057
-2.725686312329799
-2.7119586367414854
-2.7062440707668998
-2.6912088148200155
-2.6533582907699156
-2.6035823138902856
-2.5985796624554496
-2.5943970968656913
-2.5815563517303985
-2.555056623694213
-2.541801880079163
-2.5337233590888673
-2.5224972293203223
-2.4983297834097584
-2.4900414372188493
-2.4872237270721484
-2.472730068846033
-2.452598118632636
-2.4126174608988435
-2.3954934573829405
-2.3903061172945286
-2.360628303628232
-2.3368227236397274
-2.3327049920567333
-2.3237643516741855
-2.3226995256706005
-2.277801143480019
-2.2506515317458593
-2.2395673076197227
-2.235421690268822
-2.214792204082187
-2.207288138645538
-2.2017023528721893
-2.190415574179042
-2.162232498409935
-2.1400336898465753
-2.1284210294865034
-2.098015618319323
-2.0885689952182247
-2.059007324029153
-2.0501338026629696
-2.026552929359582
-2.018464846811696
-2.0080208761501694
-2.002989422510325
-1.9887129955557725
-1.97872657038738
-1.9713385790614666
-1.9286114010741926
-1.9185115544924543
-1.9175606629524964
-1.883933454811313
-1.8779637729018646
-1.8397482354789076
-1.8205447535780763
-1.8071712982383588
-1.7903554933631654
-1.7851896824638516
-1.7782455076105634
-1.7651403290734606
-1.7532353355827581
-1.7380462211887675
-1.7336399739807575
-1.7058004034169585
-1.676534648749623
-1.6628564309171452
-1.6419964002460006
-1.6374454895486679
-1.6186631070929138
-1.6005326046968094
-1.5845222663291452
-1.548472693824067
-1.5365303274107305
-1.5364093165288182
-1.5304647613182851
-1.4883770741248554
-1.4873766804431625
-1.4634318062995249
-1.445315190588758
-1.4149041228461101
-1.4118938641682917
-1.3964387909451261
-1.3894560590742913
-1.351867109307193
-1.346500723192662
-1.3357985626356026
-1.3315385652625196
-1.308317396462428
-1.2884558628691138
-1.2761225292388758
-1.268775573043854
-1.2360138396608704
-1.2226630381785526
-1.1932813241407985
-1.1860461117871637
-1.1748931504409938
-1.143819982279183
-1.1421100835488573
-1.1174302981061146
-1.111617529068269
-1.0965964178118384
-1.0939093417292725
-1.0632207704805978
-1.0503397658051767
-1.050316868851212
-1.015318663791902
-0.996844331237412
-0.9900880631312816
-0.9838688964546805
-0.967894637710117
-0.94974054381521
-0.9358961491581681
-0.9033819633804683
-0.888838404142291
-0.8829928384274126
-0.8403148699413805
-0.8330224024597328
-0.8223025304651514
-0.8090558531671377
-0.7791054938154502
-0.7789845799277373
-0.7769986801268374
-0.7564945423920904
-0.746639020421128
-0.7294160111037513
-0.708241328383906
-0.6830485030376394
-0.670051187630861
-0.6623743061140317
-0.642966942729231
-0.6334588434331181
-0.6163733851338975
-0.5881091830247556
-0.579245030065465
-0.554655627760269
-0.544715932375766
-0.5360166658986145
-0.5176705682769693
-0.517018995021715
-0.49726036590107014
-0.47045146357743306
-0.4462426748920052
-0.4453729585819701
-0.42907276284671525
-0.4239541460837586
-0.3946173198270344
-0.38882176856043316
-0.36907962943547545
-0.3634835690757541
-0.3340873673716942
-0.30959004311665694
-0.2831216986720051
-0.27418893633483776
-0.2736710595573868
-0.25665121242059286
-0.21458819983450894
-0.2119897224542342
-0.20762420137350546
-0.1978438508899103
-0.19105111848881506
-0.14767080360974205
-0.1467396423890932
-0.12893125256863414
-0.12752275234805666
-0.11415448818462437
-0.06490811770913751
-0.04261367633853297
-0.039922982833331844
-0.02357335717863407
-0.012429642253323436
0.00152020602746461
0.026403532057145185
0.03011791724856039
0.037826667350941534
0.056758079399457984
0.0574528211195684
0.09892540835949148
0.10648924664991455
0.11049601730087488
0.14664108101919737
0.1566307216610312
0.1698680910859025
0.18849037512813993
0.2105442759305447
0.22749650810811772
0.22873725793516542
0.22923866423576555
0.25682908303082286
0.26904313852560335
0.2872407496008691
0.29365410160460215
0.3239239853768936
0.34399998158636436
0.3631464578380701
0.36370234323544537
0.3953068513870903
0.40915635721057697
0.4099392205866934
0.4197961990977319
0.45295431772001393
0.4576594281649591
0.46751819094828306
0.4900999348972732
0.4918637211056307
0.5012007531048539
0.5060126559315563
0.5367940962344733
0.5543760987924884
0.5887957363040641
0.5960638006474142
0.6133855361181304
0.6285897582954476
0.6362455634813955
0.6510038229803286
0.6781948936656477
0.6796347993553127
0.7003730025595587
0.708183726018774
0.7110749140595658
0.7480550564739588
0.7649370112380893
0.7673239143139767
0.7877818227607918
0.8060779613547879
0.8267021225936446
0.8270634934624468
0.8589512480347707
0.87173127045196
0.8982363382498875
0.9223547511357992
0.9271806394999089
0.9328493353223735
0.93749559420678
0.950849721034217
0.9557459375248527
0.9981665750294724
1.00948641732424
1.0252123210532886
1.03706001201067
1.0401687943553952
1.0710345046996963
1.0820875353495012
1.1031380776735205
1.1131800950574302
1.1293231824486156
1.1389936911544964
1.1393602882632194
1.1777753432340887
1.1834050873897013
1.203264032086281
1.2117990110825758
1.2321679732752955
1.251249585120263
1.2680677608370274
1.2806837781897684
1.2949564194641994
1.2995817667480765
1.3212727981116927
1.328387662505861
1.3543408375199988
1.3799309859821278
1.3884456236730216
1.3974788895863526
1.4158580739707531
1.4345958649041108
1.4381383196256934
1.4440013945034593
1.4693823204796672
1.4753826308736961
1.5113328701321507
1.511532009541554
1.5244503757973575
1.535479719478758
1.5530025106270955
1.576972148283403
1.6021898279765878
1.6066884644031916
1.6381198557484709
1.644873895263288
1.6576917214127889
1.6599568612774647
1.6776329330081694
1.6903526491263392
1.7134751064614875
1.7325220788434876
1.7328659338428452
1.7456653417223151
1.759876652324749
1.7753910720487625
1.801298014132783
1.8056624491239859
1.8233268069529913
1.8441632333731945
1.8575735957253983
1.8719390981138986
1.8863557103564403
1.9044247830922814
1.9146711784858894
1.928079570244563
1.9390262894273746
1.9756351415900326
1.9911112554596002
1.9923759757240873
1.9988279169797352
2.016823228144233
2.0312890933683434
2.038732258433072
2.0674968446581943
2.072951831290027
2.0939012692816164
2.1020519783754708
2.119462642213932
2.1360872159049222
2.1368202743812503
2.157936849021837
2.1918471122423853
2.214969247120564
2.2160674220801297
2.2462048137669512
2.249872765308396
2.266761298097151
2.2674031697362125
2.2905918558011535
2.3117543168194743
2.3205448716809087
2.339071035002462
2.3458828891620556
2.345935483040762
2.3518629332684213
2.383558922833288
2.386202928716159
2.4149732773317396
2.4299129377923805
2.451441353469818
2.4743602077628566
2.4864556342401443
2.508199005463041
2.5090400041228236
2.5394476043110785
2.56087452750063
2.5720563288567746
2.5724776975920918
2.5837285044830196
2.5954664443397064
2.5981325029442246
2.6140368601250543
2.6490176957054246
2.66641672736921
2.666527950393345
2.6706028500935304
2.6842926953248707
2.69898548078487
2.706541992142263
2.730413755785378
2.747902771377767
2.7571942320875564
2.7709283383135244
2.800004786751572
2.8138478334659
2.835583206608078
2.8406444446156343
2.8788322891184066
2.8867185670373487
2.894897954787723
2.899366450393643
2.911446296357269
2.917762671704679
2.94044384473591
2.9479546623851434
2.964575281414284
2.967875057514618
2.9881866034368727
2.998065165431342
3.0375559805607395
3.0531808394977134
3.057989485328676
3.065819054503379
3.104112332845773
3.1111502542945573
3.1112449915459024
3.1530604438636374
3.1583056235793947
3.180490684797178
3.1856711378779323
3.2039212902102463
3.21240383244168
3.2131159901595083
3.228895513596683
3.240918643170346
3.2462899541485513
3.2584344940763117
3.2595175513985737
3.314602204979394
3.322231956584801
3.3266056074547237
3.351840159601352
3.358177609038705
3.362231737743116
3.3829097615347337
3.416358612106535
3.422438668861389
3.426675207208632
3.456340748699347
3.4667131305053545
3.4820869237726697
3.4998419369211433
3.5147016721389264
3.5206995705020177
3.540294348033001
3.5624514984812095
3.5627773292672487
3.569227399752151
3.602331301002721
3.618093551512686
3.6204460382555226
3.621636505436129
3.6435754399967095
3.65430213573336
3.6616714697864268
3.6704007034311417
3.710967116136885
3.7469965308750375
3.7538617492144795
3.7588553318676077
3.770175893561543
3.7751805689869116
3.808362184357918
3.8173370297021165
3.823472601182516
3.8533059573142054
3.854386211590338
3.861333619529603
3.8760463905628626
3.8778404717534727
3.8834055575219963
3.9105876235633446
3.925211100740853
3.9499840387114205
3.969616090515899
3.9894121513819982
3.98953524516088
4.005576391840236
4.024199262815159
4.037874888912995
4.0479444181377175
4.060272256465453
4.060596029003875
4.091840199301885
4.103984187226217
4.136675898281965
4.139704234205567
4.151095889485305
4.1567193372274005
4.175065174966733
4.178816285432447
4.185063815594219
4.206228074750641
4.215749165535726
4.235606243064183
4.254089543136388
4.271099402762218
4.280918896544506
4.286261020599682
4.315795071974719
4.340491228654344
4.365352181833089
4.385906637991525
4.398980188248686
4.408628176653849
4.4176954957561065
4.429299287644483
4.429598717165504
4.435557549990733
4.455014335619069
4.460366826577513
4.470735373043794
4.484704061040134
4.500647667992723
4.511458606459769
4.525470795273463
4.554985456609984
4.55927007790666
4.590677290089218
4.601042201114808
4.601864610675648
4.651851412201438
4.660545039455826
4.67712852222553
4.681214269994825
4.688763965900421
4.700613768192625
4.716608942169614
4.730681071888
4.742537969974421
4.755278688145609
4.777155358054074
4.789045475251783
4.796177523197173
4.808007751281934
4.832017722520277
4.842989039369627
4.84895320114947
4.854038053891486
4.863002451430589
4.889245002309394
4.894801222363753
4.935033229572298
4.9350943420994895
4.949559607181186
4.964531697083089
4.965512963099229
5.00865433533852
5.023553504274616
5.025350261418339
5.0316155995141685
5.049422369093975
5.049738599964087
5.065537402461246
5.067499522923185
5.081702532506256
5.112480743945923
5.143762225098612
5.153732767939914
5.156119790509933
5.164103939545157
5.187300278931275
5.190833225434744
5.202561281292162
5.208593857120661
5.248807708863012
5.263480807854023
5.275164800455286
5.276082165833429
5.28848843848948
5.292212414378298
5.307524931767205
5.316581691622616
5.345658521981932
5.377336087324807
5.382671225427032
5.416852420942064
5.427943247973133
5.442625510758035
5.4462635873061345
5.448142678226702
5.464357332025486
5.469412958155203
5.485579527587845
5.509885469467179
5.512636857812481
5.540216600192991
5.5534609020856465
5.5582567625403385
5.564633339125692
5.573898717753366
5.59669339179527
5.613685370000383
5.645911073258844
5.652654998138189
5.65707156467937
5.679483878185749
5.679852479019019
5.706349237728205
5.7147755675853205
5.722557071262884
5.729771981597878
5.751512137421514
5.761512722714201
5.788717584524534
5.7919659157173555
5.795766952133249
5.817740764263476
5.825753209932827
5.838603624930954
5.855608715257006
5.883727986353676
5.8940868848432615
5.89579462277635
5.912882792507389
5.933344825799679
5.953818299979673
5.9547282924166325
5.955806467967591
5.98271381029474
5.997884348011723
6.034195319056835
6.04313868694004
6.0438959951130755
6.068090853464696
6.068154858800824
6.078686322803719
6.095382612055744
6.107015497911789
6.127645937794796
6.1379978677397276
6.148117386760134
6.16956216613346
6.181318929649592
6.188973298839983
6.21327095795283
6.21473970651607
6.227827562184245
6.240242342140618
6.247268099662506
6.26944359804196
6.27807735431827
6.290658127870017
6.320537838093799
6.327716683238862
6.332780028228228
6.3513144346100034
6.372387707395035
6.383437365389625
6.385232115592487
6.3987717516553175
6.41094274334705
6.412638010021055
6.420468306132761
6.466767915307116
6.49052020750338
6.491527183445157
6.493053701383246
6.526654324163303
6.526918875175454
6.536674865702139
6.549538596430068
6.5736440293272835
6.5772464438342695
6.603613777736484
6.6078140206361695
6.630234667411628
6.639765793634297
6.652973671729853
6.661822040423488
6.693477774271571
6.706986634883094
6.714540918906323
6.716515345287519
6.747243607797998
6.758142680757146
6.775610304285067
6.781359723977744
6.791690120974465
6.813701354772149
6.814693848008119
6.830316438901832
6.842636956519755
6.849979978422539
6.856850377587705
6.8902755184964235
6.89195006765749
6.919914649582495
6.932640223831754
6.938758215790074
6.949949021497844
6.952320566347794
6.973263447525937
6.994056788892237
7.001253627805738
7.016780651735985
7.028493874780509
7.038639157738828
7.05447403228095
7.066645451738339
7.084608121167548
7.0985815621535835
7.116671884009747
7.119248657221419
7.126679957747001
7.135802802298201
7.145169343324596
7.168610299963632
7.176133101062248
7.190166738597782
7.217157764832393
7.2198226301581485
7.249596176412467
7.250238834336301
7.273549763363633
7.274569864896762
7.3054401921885415
7.312315622126221
7.338041463924014
7.341408590182937
7.349613765203117
7.357721372955211
7.36861882044343
7.378875886966
7.420572141682953
7.4302372809675035
7.438702284746512
7.451408615881121
7.465267505937561
7.481115120848472
7.492058266072547
7.493010298389777
7.510309955276796
7.515781374957953
7.527082872844517
7.5700673844943935
7.57087563263002
7.578740105148995
7.597834543362353
7.598209058279338
7.6191751008949495
7.6353211382763675
7.6365485394339885
7.655087066654005
7.675192085763285
7.676817322632417
7.691867313646469
7.708209262927653
7.721125344062216
7.732076727571325
7.732170116956581
7.7598121342902004
7.786371818651162
7.804129831483863
7.80553852512935
7.810168708792219
7.84017868698578
7.86485344680483
7.864869693619482
7.896105269962845
7.896689389834478
7.902026258082685
7.909241969079744
7.911589709762609
7.926723220843826
7.941527996168247
7.958055582812165
7.968980693483559
7.979213740339162
8.002648953126823
8.011782025786488
8.01365080439615
8.024576276383868
8.041752369379992
8.072898601898089
8.082679150641013
8.114693087469334
8.130136962521817
8.133391129214374
8.142564865571217
8.158381612973358
8.172610993828698
8.177092647563313
8.18967326742694
8.200177676305657
8.216461080648116
8.222845992527368
8.228077781628485
8.236346499118895
8.254081293714307
8.264490493654932
8.290016296753379
8.31526915569873
8.318603769874699
8.327506860121218
8.330468040826588
8.339089840223721
8.36905621175572
8.385896810363477
8.395154649238577
8.396233492901558
8.418742070462997
8.43054921779617
8.44975367206905
8.465758362825056
8.473834091180379
8.486644078035908
8.52243861541291
8.523389812912512
8.537227201288488
8.5472582858456
8.558410753507076
8.567641660521758
8.585567274230414
8.601805497179726
8.613049450153028
8.618953431461875
8.630210251059793
8.639404680885832
8.656322184197734
8.659481276637962
8.69818848468077
8.707921519096999
8.722114516731722
8.72729980451578
8.728054084206576
8.75341386817206
8.766160999605177
8.771472562714905
8.789864049873245
8.807744138291014
8.819793220671784
8.827504937848857
8.834220528717651
8.863302715287887
8.874945278277778
8.884825112684041
8.898385026756557
8.92064574153926
8.926198531729653
8.931397795929115
8.956419766004956
8.960092036084575
8.973023652244251
8.97572476561595
8.994139709698516
9.002415214040013
9.009379359127706
9.029742415653573
9.040530713864598
9.061741743101493
9.085870678439392
9.094818514461167
9.104892839618742
9.118454063379716
9.129635380552429
9.139306735631635
9.15760199204226
9.172854312014124
9.182664244444823
9.18497513286502
9.196202971916705
9.203619121851148
9.233582715272178
9.238057264198403
9.25551997742798
9.27008443158951
9.271288604624772
9.279608207877232
9.308440192417834
9.333509779264318
9.341400931136832
9.357271475860216
9.37750788834694
9.381056251256439
9.391146606452423
9.402598988704312
9.407236138158737
9.412108319910885
9.43362805313518
9.46110350488948
9.467496100161043
9.474473283125235
9.48117269542388
9.501841357576382
9.503253675956444
9.517405721622822
9.537914147014646
9.546328719144526
9.575366453035883
9.57960432565892
9.59367507152291
9.598310137197132
9.62330575519519
9.635732917842688
9.652915889270673
9.666370956491562
9.684658671963973
9.696998594603258
9.704790719237678
9.708776983910468
9.718382245782323
9.727387468867448
9.759233752208047
9.761109585582915
9.769598442691745
9.781841233720854
9.801717533432623
9.8071361738331
9.820449432828866
9.831094221887383
9.852699318181408
9.855632217904997
9.882764519707962
9.911843466495213
9.918303693484575
9.923156153465527
9.937484809275986
9.946300651417005
9.95215335916879
9.96076099276911
9.97291841945713
9.984885449212697
9.998167254774216
10.003266860900737
10.021424127026876
10.050823998275632
10.068093727135022
10.068751215313227
10.080009118551175
10.091895756040572
10.10038630336976
10.10320626513203
10.129280284302354
10.142074787642628
10.155334327499645
10.1620139651954
10.174753203953173
10.17823323897045
10.199575216163055
10.230225223765501
10.232339139002988
10.246748806352514
10.25540365581162
10.28051045975559
10.300135683970495
10.303161645009766
10.31035271509046
10.313547218702752
10.32983792658922
10.344241537359665
10.349256504167272
10.383749311743088
10.392504305619639
10.404483911942009
10.412110608375485
10.41462660201671
10.445108800753701